#U1/V	IA/nA
0.02	0.27
0.04	0.26
0.07	0.24
0.09	0.24
0.12	0.23
0.14	0.21
0.17	0.20
0.19	0.19
0.21	0.17
0.24	0.15
0.26	0.14
0.29	0.13
0.31	0.11
0.34	0.11
0.36	0.10
0.39	0.10
0.41	0.11
0.43	0.09
0.46	0.09
0.48	0.10
0.51	0.09
0.53	0.09
0.56	0.09
0.58	0.09
0.61	0.09
0.63	0.09
0.65	0.10
0.68	0.10
0.70	0.10
0.73	0.11
0.75	0.09
0.78	0.09
0.80	0.09
0.83	0.09
0.85	0.09
0.87	0.09
0.90	0.10
0.92	0.09
0.95	0.09
0.97	0.10
1.00	0.08
1.02	0.08
1.05	0.09
1.07	0.09
1.09	0.09
1.12	0.09
1.14	0.09
1.17	0.09
1.19	0.09
1.22	0.10
1.24	0.09
1.26	0.09
1.29	0.10
1.31	0.08
1.34	0.09
1.36	0.09
1.39	0.08
1.41	0.08
1.44	0.08
1.46	0.09
1.48	0.09
1.51	0.09
1.53	0.10
1.56	0.09
1.58	0.09
1.61	0.09
1.63	0.09
1.66	0.09
1.68	0.09
1.70	0.09
1.73	0.08
1.75	0.08
1.78	0.09
1.80	0.08
1.83	0.08
1.85	0.10
1.88	0.09
1.90	0.09
1.92	0.09
1.95	0.09
1.97	0.09
2.00	0.08
2.02	0.10
2.05	0.09
2.07	0.09
2.10	0.09
2.12	0.08
2.14	0.08
2.17	0.08
2.19	0.07
2.22	0.07
2.24	0.07
2.27	0.08
2.29	0.08
2.31	0.08
2.34	0.09
2.36	0.09
2.39	0.09
2.41	0.09
2.44	0.08
2.46	0.08
2.49	0.08
2.51	0.08
2.53	0.08
2.56	0.08
2.58	0.09
2.61	0.08
2.63	0.08
2.66	0.10
2.68	0.08
2.71	0.08
2.73	0.09
2.75	0.09
2.78	0.09
2.80	0.09
2.83	0.10
2.85	0.09
2.88	0.09
2.90	0.10
2.93	0.09
2.95	0.09
2.97	0.10
3.00	0.09
3.02	0.09
3.05	0.09
3.07	0.08
3.10	0.08
3.12	0.08
3.15	0.09
3.17	0.09
3.19	0.09
3.22	0.10
3.24	0.09
3.27	0.09
3.29	0.10
3.32	0.08
3.34	0.08
3.36	0.08
3.39	0.09
3.41	0.08
3.44	0.08
3.46	0.10
3.49	0.09
3.51	0.09
3.54	0.10
3.56	0.09
3.58	0.09
3.61	0.09
3.63	0.08
3.66	0.08
3.68	0.08
3.71	0.09
3.73	0.09
3.76	0.09
3.78	0.11
3.80	0.10
3.83	0.10
3.85	0.10
3.88	0.09
3.90	0.09
3.93	0.09
3.95	0.10
3.98	0.10
4.00	0.10
4.02	0.11
4.05	0.10
4.07	0.10
4.10	0.11
4.12	0.10
4.15	0.10
4.17	0.10
4.20	0.09
4.22	0.09
4.24	0.09
4.27	0.10
4.29	0.10
4.32	0.10
4.34	0.12
4.37	0.10
4.39	0.10
4.42	0.11
4.44	0.10
4.46	0.10
4.49	0.10
4.51	0.10
4.54	0.10
4.56	0.10
4.59	0.12
4.61	0.11
4.63	0.11
4.66	0.12
4.68	0.11
4.71	0.11
4.73	0.11
4.76	0.11
4.78	0.11
4.81	0.11
4.83	0.12
4.85	0.12
4.88	0.12
4.90	0.13
4.93	0.12
4.95	0.12
4.98	0.14
5.00	0.12
5.03	0.12
5.05	0.13
5.07	0.13
5.10	0.12
5.12	0.13
5.15	0.14
5.17	0.13
5.20	0.13
5.22	0.15
5.25	0.14
5.27	0.14
5.29	0.15
5.32	0.14
5.34	0.14
5.37	0.14
5.39	0.16
5.42	0.15
5.44	0.15
5.47	0.17
5.49	0.16
5.51	0.16
5.54	0.17
5.56	0.16
5.59	0.16
5.61	0.17
5.64	0.17
5.66	0.17
5.68	0.17
5.71	0.19
5.73	0.18
5.76	0.18
5.78	0.20
5.81	0.17
5.83	0.18
5.86	0.19
5.88	0.18
5.90	0.18
5.93	0.19
5.95	0.20
5.98	0.19
6.00	0.19
6.03	0.21
6.05	0.19
6.08	0.19
6.10	0.21
6.12	0.20
6.15	0.20
6.17	0.20
6.20	0.21
6.22	0.20
6.25	0.20
6.27	0.22
6.30	0.20
6.32	0.20
6.34	0.22
6.37	0.20
6.39	0.20
6.42	0.21
6.44	0.21
6.47	0.21
6.49	0.22
6.52	0.22
6.54	0.21
6.56	0.21
6.59	0.23
6.61	0.21
6.64	0.21
6.66	0.23
6.69	0.21
6.71	0.21
6.73	0.23
6.76	0.23
6.78	0.22
6.81	0.22
6.83	0.24
6.86	0.22
6.88	0.22
6.91	0.25
6.93	0.23
6.95	0.23
6.98	0.24
7.00	0.24
7.03	0.24
7.05	0.25
7.08	0.26
7.10	0.24
7.13	0.24
7.15	0.26
7.17	0.24
7.20	0.24
7.22	0.26
7.25	0.26
7.27	0.26
7.30	0.27
7.32	0.26
7.35	0.25
7.37	0.25
7.39	0.27
7.42	0.25
7.44	0.25
7.47	0.28
7.49	0.25
7.52	0.25
7.54	0.27
7.57	0.27
7.59	0.26
7.61	0.27
7.64	0.28
7.66	0.27
7.69	0.27
7.71	0.29
7.74	0.26
7.76	0.26
7.78	0.27
7.81	0.26
7.83	0.26
7.86	0.28
7.88	0.28
7.91	0.27
7.93	0.27
7.96	0.29
7.98	0.27
8.00	0.27
8.03	0.30
8.05	0.28
8.08	0.28
8.10	0.30
8.13	0.29
8.15	0.29
8.18	0.30
8.20	0.31
8.22	0.29
8.25	0.30
8.27	0.31
8.30	0.29
8.32	0.29
8.35	0.32
8.37	0.31
8.40	0.31
8.42	0.33
8.44	0.35
8.47	0.33
8.49	0.34
8.52	0.35
8.54	0.33
8.57	0.33
8.59	0.36
8.62	0.33
8.64	0.33
8.66	0.36
8.69	0.35
8.71	0.34
8.74	0.37
8.76	0.38
8.79	0.36
8.81	0.36
8.84	0.38
8.86	0.36
8.88	0.36
8.91	0.39
8.93	0.38
8.96	0.38
8.98	0.40
9.01	0.39
9.03	0.37
9.05	0.38
9.08	0.40
9.10	0.37
9.13	0.37
9.15	0.40
9.18	0.38
9.20	0.38
9.23	0.40
9.25	0.39
9.27	0.38
9.30	0.40
9.32	0.40
9.35	0.38
9.37	0.39
9.40	0.39
9.42	0.37
9.45	0.37
9.47	0.39
9.49	0.38
9.52	0.37
9.54	0.40
9.57	0.40
9.59	0.38
9.62	0.39
9.64	0.40
9.67	0.38
9.69	0.38
9.71	0.41
9.74	0.39
9.76	0.39
9.79	0.42
9.81	0.41
9.84	0.40
9.86	0.42
9.89	0.43
9.91	0.41
9.93	0.42
9.96	0.44
9.98	0.41
10.01	0.41
10.03	0.44
10.06	0.43
10.08	0.43
10.10	0.45
10.13	0.45
10.15	0.43
10.18	0.45
10.20	0.46
10.23	0.44
10.25	0.44
10.28	0.47
10.30	0.45
10.32	0.45
10.35	0.47
10.37	0.47
10.40	0.46
10.42	0.48
10.45	0.48
10.47	0.45
10.50	0.46
10.52	0.48
10.54	0.46
10.57	0.46
10.59	0.48
10.62	0.47
10.64	0.47
10.67	0.49
10.69	0.49
10.72	0.47
10.74	0.48
10.76	0.49
10.79	0.47
10.81	0.48
10.84	0.51
10.86	0.49
10.89	0.48
10.91	0.51
10.94	0.50
10.96	0.49
10.98	0.51
11.01	0.52
11.03	0.50
11.06	0.51
11.08	0.53
11.11	0.51
11.13	0.51
11.15	0.54
11.18	0.52
11.20	0.51
11.23	0.54
11.25	0.54
11.28	0.52
11.30	0.54
11.33	0.56
11.35	0.53
11.37	0.54
11.40	0.56
11.42	0.54
11.45	0.54
11.47	0.56
11.50	0.55
11.52	0.54
11.55	0.57
11.57	0.57
11.59	0.55
11.62	0.56
11.64	0.58
11.67	0.55
11.69	0.55
11.72	0.59
11.74	0.57
11.77	0.56
11.79	0.59
11.81	0.59
11.84	0.56
11.86	0.59
11.89	0.60
11.91	0.57
11.94	0.58
11.96	0.61
11.99	0.59
12.01	0.58
12.03	0.62
12.06	0.61
12.08	0.59
12.11	0.62
12.13	0.63
12.16	0.60
12.18	0.62
12.21	0.63
12.23	0.62
12.25	0.62
12.28	0.65
12.30	0.64
12.33	0.63
12.35	0.66
12.38	0.66
12.40	0.63
12.42	0.66
12.45	0.67
12.47	0.65
12.50	0.66
12.52	0.68
12.55	0.66
12.57	0.66
12.60	0.69
12.62	0.68
12.64	0.66
12.67	0.69
12.69	0.69
12.72	0.67
12.74	0.69
12.77	0.71
12.79	0.68
12.82	0.69
12.84	0.72
12.86	0.70
12.89	0.68
12.91	0.71
12.94	0.71
12.96	0.69
12.99	0.71
13.01	0.72
13.04	0.70
13.06	0.72
13.08	0.74
13.11	0.72
13.13	0.72
13.16	0.75
13.18	0.74
13.21	0.72
13.23	0.75
13.26	0.76
13.28	0.73
13.30	0.75
13.33	0.77
13.35	0.74
13.38	0.75
13.40	0.78
13.43	0.76
13.45	0.76
13.47	0.79
13.50	0.78
13.52	0.76
13.55	0.79
13.57	0.80
13.60	0.78
13.62	0.78
13.65	0.81
13.67	0.79
13.69	0.79
13.72	0.82
13.74	0.80
13.77	0.79
13.79	0.82
13.82	0.82
13.84	0.79
13.87	0.82
13.89	0.83
13.91	0.81
13.94	0.81
13.96	0.85
13.99	0.83
14.01	0.82
14.04	0.86
14.06	0.85
14.09	0.83
14.11	0.85
14.13	0.86
14.16	0.84
14.18	0.85
14.21	0.88
14.23	0.85
14.26	0.85
14.28	0.89
14.31	0.87
14.33	0.86
14.35	0.89
14.38	0.89
14.40	0.87
14.43	0.89
14.45	0.90
14.48	0.88
14.50	0.89
14.52	0.92
14.55	0.90
14.57	0.89
14.60	0.92
14.62	0.91
14.65	0.89
14.67	0.92
14.70	0.93
14.72	0.91
14.74	0.92
14.77	0.96
14.79	0.94
14.82	0.94
14.84	0.97
14.87	0.95
14.89	0.94
14.92	0.97
14.94	0.97
14.96	0.95
14.99	0.97
15.01	0.99
15.04	0.96
15.06	0.97
15.09	1.00
15.11	0.97
15.14	0.97
15.16	1.00
15.18	0.99
15.21	0.97
15.23	1.00
15.26	1.01
15.28	0.99
15.31	1.00
15.33	1.02
15.36	0.99
15.38	0.99
15.40	1.02
15.43	0.98
15.45	0.97
15.48	0.99
15.50	1.00
15.53	0.96
15.55	0.98
15.57	0.99
15.60	0.96
15.62	0.97
15.65	0.99
15.67	0.96
15.70	0.96
15.72	0.98
15.75	0.97
15.77	0.94
15.79	0.97
15.82	0.97
15.84	0.94
15.87	0.94
15.89	0.96
15.92	0.93
15.94	0.92
15.97	0.95
15.99	0.92
16.01	0.91
16.04	0.93
16.06	0.91
16.09	0.88
16.11	0.90
16.14	0.91
16.16	0.88
16.19	0.88
16.21	0.90
16.23	0.87
16.26	0.86
16.28	0.88
16.31	0.87
16.33	0.84
16.36	0.87
16.38	0.86
16.41	0.84
16.43	0.85
16.45	0.86
16.48	0.83
16.50	0.82
16.53	0.85
16.55	0.82
16.58	0.80
16.60	0.83
16.63	0.82
16.65	0.78
16.67	0.80
16.70	0.80
16.72	0.78
16.75	0.78
16.77	0.80
16.80	0.76
16.82	0.75
16.84	0.77
16.87	0.76
16.89	0.73
16.92	0.75
16.94	0.75
16.97	0.72
16.99	0.73
17.02	0.74
17.04	0.71
17.06	0.70
17.09	0.72
17.11	0.71
17.14	0.69
17.16	0.71
17.19	0.69
17.21	0.66
17.24	0.68
17.26	0.68
17.28	0.64
17.31	0.65
17.33	0.67
17.36	0.64
17.38	0.63
17.41	0.65
17.43	0.64
17.46	0.62
17.48	0.64
17.50	0.64
17.53	0.60
17.55	0.62
17.58	0.63
17.60	0.60
17.63	0.59
17.65	0.61
17.68	0.59
17.70	0.58
17.72	0.60
17.75	0.59
17.77	0.56
17.80	0.57
17.82	0.59
17.85	0.56
17.87	0.56
17.89	0.58
17.92	0.55
17.94	0.55
17.97	0.57
17.99	0.55
18.02	0.53
18.04	0.56
18.07	0.55
18.09	0.53
18.11	0.54
18.14	0.55
18.16	0.52
18.19	0.52
18.21	0.54
18.24	0.52
18.26	0.51
18.29	0.53
18.31	0.52
18.33	0.50
18.36	0.52
18.38	0.52
18.41	0.49
18.43	0.50
18.46	0.52
18.48	0.48
18.51	0.48
18.53	0.51
18.55	0.49
18.58	0.48
18.60	0.50
18.63	0.49
18.65	0.47
18.68	0.48
18.70	0.48
18.73	0.46
18.75	0.45
18.77	0.48
18.80	0.45
18.82	0.45
18.85	0.47
18.87	0.46
18.90	0.44
18.92	0.46
18.94	0.47
18.97	0.44
18.99	0.44
19.02	0.46
19.04	0.43
19.07	0.43
19.09	0.45
19.12	0.43
19.14	0.42
19.16	0.45
19.19	0.44
19.21	0.41
19.24	0.42
19.26	0.44
19.29	0.41
19.31	0.41
19.34	0.43
19.36	0.41
19.38	0.40
19.41	0.42
19.43	0.41
19.46	0.39
19.48	0.40
19.51	0.41
19.53	0.38
19.56	0.38
19.58	0.40
19.60	0.36
19.63	0.36
19.65	0.39
19.68	0.37
19.70	0.36
19.73	0.38
19.75	0.38
19.78	0.36
19.80	0.36
19.82	0.37
19.85	0.34
19.87	0.34
19.90	0.36
19.92	0.33
19.95	0.33
19.97	0.36
19.99	0.35
20.02	0.34
20.04	0.35
20.07	0.36
20.09	0.33
20.12	0.33
20.14	0.35
20.17	0.32
20.19	0.32
20.21	0.35
20.24	0.33
20.26	0.33
20.29	0.34
20.31	0.34
20.34	0.32
20.36	0.33
20.39	0.34
20.41	0.31
20.43	0.31
20.46	0.34
20.48	0.31
20.51	0.31
20.53	0.33
20.56	0.32
20.58	0.32
20.61	0.33
20.63	0.33
20.65	0.30
20.68	0.30
20.70	0.32
20.73	0.29
20.75	0.30
20.78	0.32
20.80	0.30
20.83	0.30
20.85	0.31
20.87	0.31
20.90	0.29
20.92	0.30
20.95	0.31
20.97	0.29
21.00	0.29
21.02	0.31
21.05	0.28
21.07	0.28
21.09	0.30
21.12	0.29
21.14	0.29
21.17	0.30
21.19	0.31
21.22	0.29
21.24	0.29
21.26	0.31
21.29	0.29
21.31	0.29
21.34	0.32
21.36	0.31
21.39	0.31
21.41	0.33
21.44	0.34
21.46	0.33
21.48	0.34
21.51	0.36
21.53	0.35
21.56	0.35
21.58	0.39
21.61	0.38
21.63	0.39
21.66	0.43
21.68	0.44
21.70	0.44
21.73	0.47
21.75	0.50
21.78	0.49
21.80	0.52
21.83	0.56
21.85	0.56
21.88	0.58
21.90	0.64
21.92	0.65
21.95	0.67
21.97	0.73
22.00	0.76
22.02	0.76
22.05	0.81
22.07	0.86
22.10	0.87
22.12	0.92
22.14	0.98
22.17	1.00
22.19	1.04
22.22	1.11
22.24	1.14
22.27	1.16
22.29	1.24
22.31	1.29
22.34	1.31
22.36	1.37
22.39	1.43
22.41	1.45
22.44	1.50
22.46	1.58
22.49	1.61
22.51	1.65
22.53	1.73
22.56	1.76
22.58	1.79
22.61	1.86
22.63	1.92
22.66	1.95
22.68	2.01
22.71	2.08
22.73	2.11
22.75	2.15
22.78	2.23
22.80	2.27
22.83	2.30
22.85	2.37
22.88	2.42
22.90	2.43
22.93	2.50
22.95	2.56
22.97	2.58
23.00	2.63
23.02	2.71
23.05	2.74
23.07	2.77
23.10	2.85
23.12	2.88
23.15	2.90
23.17	2.97
23.19	3.02
23.22	3.05
23.24	3.10
23.27	3.16
23.29	3.18
23.32	3.22
23.34	3.29
23.36	3.32
23.39	3.35
23.41	3.42
23.44	3.46
23.46	3.47
23.49	3.54
23.51	3.59
23.54	3.61
23.56	3.66
23.58	3.72
23.61	3.74
23.63	3.78
23.66	3.84
23.68	3.87
23.71	3.89
23.73	3.96
23.76	4.00
23.78	4.01
23.80	4.07
23.83	4.13
23.85	4.14
23.88	4.17
23.90	4.24
23.93	4.27
23.95	4.29
23.98	4.36
24.00	4.39
24.02	4.40
24.05	4.46
24.07	4.50
24.10	4.51
24.12	4.56
24.15	4.62
24.17	4.63
24.20	4.66
24.22	4.73
24.24	4.75
24.27	4.77
24.29	4.83
24.32	4.86
24.34	4.87
24.37	4.92
24.39	4.98
24.42	4.98
24.44	5.02
24.46	5.08
24.49	5.10
24.51	5.12
24.54	5.18
24.56	5.21
24.59	5.22
24.61	5.27
24.63	5.32
24.66	5.32
24.68	5.37
24.71	5.42
24.73	5.43
24.76	5.45
24.78	5.51
24.81	5.53
24.83	5.55
24.85	5.60
24.88	5.63
24.90	5.64
24.93	5.69
24.95	5.73
24.98	5.73
25.00	5.77
25.03	5.82
25.05	5.83
25.07	5.85
25.10	5.91
25.12	5.93
25.15	5.94
25.17	5.99
25.20	6.03
25.22	6.03
25.25	6.07
25.27	6.12
25.29	6.11
25.32	6.14
25.34	6.20
25.37	6.21
25.39	6.22
25.42	6.28
25.44	6.31
25.47	6.31
25.49	6.35
25.51	6.39
25.54	6.39
25.56	6.42
25.59	6.47
25.61	6.48
25.64	6.50
25.66	6.55
25.68	6.57
25.71	6.57
25.73	6.62
25.76	6.65
25.78	6.65
25.81	6.68
25.83	6.73
25.86	6.73
25.88	6.76
25.90	6.81
25.93	6.82
25.95	6.83
25.98	6.88
26.00	6.90
26.03	6.89
26.05	6.93
26.08	6.97
26.10	6.96
26.12	6.99
26.15	7.04
26.17	7.04
26.20	7.06
26.22	7.10
26.25	7.11
26.27	7.11
26.30	7.15
26.32	7.18
26.34	7.17
26.37	7.20
26.39	7.24
26.42	7.23
26.44	7.25
26.47	7.30
26.49	7.30
26.52	7.30
26.54	7.35
26.56	7.36
26.59	7.35
26.61	7.39
26.64	7.42
26.66	7.41
26.69	7.44
26.71	7.48
26.73	7.47
26.76	7.48
26.78	7.52
26.81	7.51
26.83	7.54
26.86	7.59
26.88	7.58
26.91	7.58
26.93	7.64
26.95	7.64
26.98	7.63
27.00	7.68
27.03	7.71
27.05	7.69
27.08	7.73
27.10	7.77
27.13	7.75
27.15	7.75
27.17	7.81
27.20	7.80
27.22	7.78
27.25	7.84
27.27	7.86
27.30	7.84
27.32	7.88
27.35	7.91
27.37	7.88
27.39	7.91
27.42	7.96
27.44	7.95
27.47	7.97
27.49	7.99
27.52	7.98
27.54	7.99
27.57	8.03
27.59	8.04
27.61	8.04
27.64	8.08
27.66	8.09
27.69	8.08
27.71	8.11
27.74	8.13
27.76	8.12
27.78	8.15
27.81	8.19
27.83	8.18
27.86	8.18
27.88	8.23
27.91	8.23
27.93	8.22
27.96	8.26
27.98	8.28
28.00	8.27
28.03	8.29
28.05	8.32
28.08	8.31
28.10	8.32
28.13	8.35
28.15	8.35
28.18	8.35
28.20	8.39
28.22	8.40
28.25	8.39
28.27	8.43
28.30	8.45
28.32	8.43
28.35	8.45
28.37	8.49
28.40	8.48
28.42	8.48
28.44	8.52
28.47	8.52
28.49	8.52
28.52	8.56
28.54	8.57
28.57	8.56
28.59	8.59
28.62	8.61
28.64	8.59
28.66	8.61
28.69	8.65
28.71	8.64
28.74	8.65
28.76	8.69
28.79	8.69
28.81	8.68
28.84	8.71
28.86	8.73
28.88	8.72
28.91	8.74
28.93	8.77
28.96	8.75
28.98	8.77
29.01	8.81
29.03	8.80
29.05	8.80
29.08	8.84
29.10	8.85
29.13	8.83
29.15	8.85
29.18	8.88
29.20	8.86
29.23	8.88
29.25	8.92
29.27	8.90
29.30	8.91
29.32	8.95
29.35	8.95
29.37	8.94
29.40	8.97
29.42	8.99
29.45	8.98
29.47	9.00
29.49	9.03
29.52	9.02
29.54	9.03
29.57	9.07
29.59	9.06
29.62	9.06
29.64	9.09
29.67	9.10
29.69	9.09
29.71	9.12
29.74	9.14
29.76	9.12
29.79	9.14
29.81	9.18
29.84	9.17
29.86	9.17
29.89	9.21
29.91	9.21
29.93	9.20
29.96	9.23
29.98	9.25
30.01	9.23
30.03	9.26
30.06	9.28
30.08	9.26
30.10	9.27
30.13	9.31
30.15	9.30
30.18	9.30
30.20	9.34
30.23	9.34
30.25	9.32
30.28	9.35
30.30	9.37
30.32	9.35
30.35	9.37
30.37	9.39
30.40	9.38
30.42	9.38
30.45	9.42
30.47	9.41
30.50	9.40
30.52	9.44
30.54	9.45
30.57	9.43
30.59	9.45
30.62	9.47
30.64	9.45
30.67	9.46
30.69	9.49
30.72	9.49
30.74	9.49
30.76	9.52
30.79	9.52
30.81	9.50
30.84	9.53
30.86	9.55
30.89	9.53
30.91	9.55
30.94	9.58
30.96	9.56
30.98	9.57
31.01	9.60
31.03	9.60
31.06	9.59
31.08	9.62
31.11	9.63
31.13	9.61
31.15	9.63
31.18	9.66
31.20	9.64
31.23	9.66
31.25	9.69
31.28	9.68
31.30	9.68
31.33	9.71
31.35	9.71
31.37	9.69
31.40	9.73
31.42	9.74
31.45	9.73
31.47	9.74
31.50	9.77
31.52	9.75
31.55	9.75
31.57	9.76
31.59	9.75
31.62	9.74
31.64	9.77
31.67	9.78
31.69	9.75
31.72	9.78
31.74	9.80
31.77	9.77
31.79	9.78
31.81	9.81
31.84	9.79
31.86	9.77
31.89	9.80
31.91	9.79
31.94	9.76
31.96	9.78
31.99	9.78
32.01	9.76
32.03	9.76
32.06	9.77
32.08	9.73
32.11	9.72
32.13	9.75
32.16	9.72
32.18	9.70
32.20	9.71
32.23	9.71
32.25	9.67
32.28	9.67
32.30	9.67
32.33	9.62
32.35	9.61
32.38	9.62
32.40	9.57
32.42	9.55
32.45	9.55
32.47	9.52
32.50	9.47
32.52	9.47
32.55	9.45
32.57	9.39
32.60	9.38
32.62	9.37
32.64	9.32
32.67	9.28
32.69	9.28
32.72	9.23
32.74	9.18
32.77	9.17
32.79	9.13
32.82	9.07
32.84	9.06
32.86	9.03
32.89	8.96
32.91	8.93
32.94	8.92
32.96	8.86
32.99	8.81
33.01	8.79
33.04	8.73
33.06	8.67
33.08	8.65
33.11	8.61
33.13	8.55
33.16	8.52
33.18	8.49
33.21	8.42
33.23	8.37
33.26	8.35
33.28	8.28
33.30	8.22
33.33	8.20
33.35	8.15
33.38	8.08
33.40	8.05
33.43	8.01
33.45	7.94
33.47	7.90
33.50	7.86
33.52	7.78
33.55	7.73
33.57	7.70
33.60	7.64
33.62	7.57
33.65	7.55
33.67	7.50
33.69	7.42
33.72	7.39
33.74	7.35
33.77	7.27
33.79	7.21
33.82	7.18
33.84	7.11
33.87	7.05
33.89	7.02
33.91	6.96
33.94	6.88
33.96	6.85
33.99	6.81
34.01	6.72
34.04	6.67
34.06	6.65
34.09	6.56
34.11	6.50
34.13	6.48
34.16	6.41
34.18	6.34
34.21	6.31
34.23	6.26
34.26	6.18
34.28	6.14
34.31	6.10
34.33	6.02
34.35	5.96
34.38	5.94
34.40	5.86
34.43	5.79
34.45	5.77
34.48	5.70
34.50	5.63
34.52	5.59
34.55	5.55
34.57	5.48
34.60	5.43
34.62	5.40
34.65	5.32
34.67	5.27
34.70	5.24
34.72	5.17
34.74	5.10
34.77	5.08
34.79	5.03
34.82	4.95
34.84	4.92
34.87	4.89
34.89	4.81
34.92	4.76
34.94	4.73
34.96	4.66
34.99	4.60
35.01	4.58
35.04	4.52
35.06	4.45
35.09	4.44
35.11	4.40
35.14	4.32
35.16	4.28
35.18	4.26
35.21	4.18
35.23	4.13
35.26	4.11
35.28	4.05
35.31	3.99
35.33	3.97
35.36	3.92
35.38	3.85
35.40	3.83
35.43	3.80
35.45	3.72
35.48	3.68
35.50	3.66
35.53	3.60
35.55	3.55
35.57	3.53
35.60	3.49
35.62	3.42
35.65	3.41
35.67	3.38
35.70	3.31
35.72	3.28
35.75	3.26
35.77	3.19
35.79	3.16
35.82	3.15
35.84	3.09
35.87	3.04
35.89	3.03
35.92	2.99
35.94	2.93
35.97	2.91
35.99	2.90
36.01	2.83
36.04	2.80
36.06	2.79
36.09	2.73
36.11	2.69
36.14	2.69
36.16	2.64
36.19	2.59
36.21	2.58
36.23	2.55
36.26	2.49
36.28	2.48
36.31	2.46
36.33	2.40
36.36	2.37
36.38	2.37
36.41	2.31
36.43	2.27
36.45	2.27
36.48	2.23
36.50	2.18
36.53	2.18
36.55	2.16
36.58	2.10
36.60	2.08
36.62	2.08
36.65	2.02
36.67	1.98
36.70	1.99
36.72	1.95
36.75	1.90
36.77	1.90
36.80	1.88
36.82	1.83
36.84	1.82
36.87	1.81
36.89	1.75
36.92	1.73
36.94	1.73
36.97	1.69
36.99	1.65
37.02	1.66
37.04	1.63
37.06	1.58
37.09	1.58
37.11	1.57
37.14	1.51
37.16	1.50
37.19	1.50
37.21	1.45
37.24	1.42
37.26	1.42
37.28	1.39
37.31	1.34
37.33	1.36
37.36	1.33
37.38	1.27
37.41	1.27
37.43	1.27
37.46	1.22
37.48	1.20
37.50	1.21
37.53	1.17
37.55	1.14
37.58	1.15
37.60	1.12
37.63	1.08
37.65	1.08
37.68	1.07
37.70	1.01
37.72	1.01
37.75	1.02
37.77	0.97
37.80	0.95
37.82	0.97
37.85	0.94
37.87	0.90
37.89	0.92
37.92	0.92
37.94	0.88
37.97	0.89
37.99	0.90
38.02	0.86
38.04	0.87
38.07	0.90
38.09	0.86
38.11	0.86
38.14	0.89
38.16	0.88
38.19	0.86
38.21	0.90
38.24	0.92
38.26	0.90
38.29	0.93
38.31	0.96
38.33	0.95
38.36	0.98
38.38	1.03
38.41	1.03
38.43	1.05
38.46	1.10
38.48	1.13
38.51	1.12
38.53	1.18
38.55	1.23
38.58	1.23
38.60	1.27
38.63	1.34
38.65	1.35
38.68	1.38
38.70	1.46
38.73	1.49
38.75	1.51
38.77	1.59
38.80	1.64
38.82	1.65
38.85	1.72
38.87	1.79
38.90	1.81
38.92	1.86
38.94	1.96
38.97	1.99
38.99	2.02
39.02	2.11
39.04	2.16
39.07	2.18
39.09	2.26
39.12	2.33
39.14	2.35
39.16	2.42
39.19	2.50
39.21	2.53
39.24	2.57
39.26	2.66
39.29	2.70
39.31	2.73
39.34	2.82
39.36	2.87
39.38	2.89
39.41	2.96
39.43	3.03
39.46	3.05
39.48	3.11
39.51	3.19
39.53	3.22
39.56	3.25
39.58	3.33
39.60	3.37
39.63	3.39
39.65	3.47
39.68	3.53
39.70	3.55
39.73	3.61
39.75	3.69
39.78	3.70
39.80	3.74
39.82	3.83
39.85	3.86
39.87	3.88
39.90	3.96
39.92	4.01
39.95	4.01
39.97	4.09
39.99	4.16
40.02	4.16
40.04	4.22
40.07	4.31
40.09	4.32
40.12	4.36
40.14	4.44
40.17	4.49
40.19	4.50
40.21	4.59
40.24	4.64
40.26	4.66
40.29	4.72
40.31	4.79
40.34	4.81
40.36	4.86
40.39	4.95
40.41	4.98
40.43	5.01
40.46	5.10
40.48	5.15
40.51	5.16
40.53	5.24
40.56	5.31
40.58	5.33
40.61	5.39
40.63	5.48
40.65	5.50
40.68	5.55
40.70	5.65
40.73	5.68
40.75	5.71
40.78	5.80
40.80	5.86
40.83	5.88
40.85	5.95
40.87	6.03
40.90	6.05
40.92	6.11
40.95	6.20
40.97	6.23
41.00	6.27
41.02	6.35
41.05	6.40
41.07	6.42
41.09	6.51
41.12	6.57
41.14	6.59
41.17	6.66
41.19	6.75
41.22	6.76
41.24	6.81
41.26	6.90
41.29	6.93
41.31	6.96
41.34	7.05
41.36	7.10
41.39	7.12
41.41	7.20
41.44	7.27
41.46	7.28
41.48	7.33
41.51	7.42
41.53	7.44
41.56	7.47
41.58	7.56
41.61	7.60
41.63	7.62
41.66	7.71
41.68	7.77
41.70	7.79
41.73	7.85
41.75	7.92
41.78	7.93
41.80	7.98
41.83	8.07
41.85	8.09
41.88	8.12
41.90	8.21
41.92	8.25
41.95	8.26
41.97	8.34
42.00	8.40
42.02	8.42
42.05	8.47
42.07	8.55
42.10	8.57
42.12	8.61
42.14	8.69
42.17	8.73
42.19	8.75
42.22	8.83
42.24	8.87
42.27	8.88
42.29	8.95
42.31	9.02
42.34	9.03
42.36	9.07
42.39	9.15
42.41	9.17
42.44	9.20
42.46	9.27
42.49	9.31
42.51	9.32
42.53	9.39
42.56	9.45
42.58	9.45
42.61	9.51
42.63	9.58
42.66	9.59
42.68	9.63
42.71	9.70
42.73	9.73
42.75	9.74
42.78	9.81
42.80	9.86
42.83	9.87
42.85	9.93
42.88	9.99
42.90	9.99
42.93	10.04
42.95	10.11
42.97	10.13
43.00	10.15
43.02	10.22
43.05	10.26
43.07	10.26
43.10	10.33
43.12	10.39
43.15	10.39
43.17	10.44
43.19	10.51
43.22	10.51
43.24	10.55
43.27	10.62
43.29	10.64
43.32	10.65
43.34	10.73
43.36	10.76
43.39	10.77
43.41	10.82
43.44	10.88
43.46	10.88
43.49	10.91
43.51	10.99
43.54	11.00
43.56	11.02
43.58	11.09
43.61	11.11
43.63	11.11
43.66	11.18
43.68	11.22
43.71	11.22
43.73	11.27
43.76	11.34
43.78	11.34
43.80	11.37
43.83	11.44
43.85	11.46
43.88	11.46
43.90	11.53
43.93	11.56
43.95	11.56
43.98	11.62
44.00	11.67
44.02	11.67
44.05	11.70
44.07	11.77
44.10	11.78
44.12	11.80
44.15	11.87
44.17	11.88
44.20	11.88
44.22	11.95
44.24	11.99
44.27	11.98
44.29	12.04
44.32	12.09
44.34	12.09
44.37	12.12
44.39	12.18
44.41	12.19
44.44	12.20
44.46	12.27
44.49	12.29
44.51	12.29
44.54	12.35
44.56	12.40
44.59	12.39
44.61	12.43
44.63	12.49
44.66	12.49
44.68	12.50
44.71	12.57
44.73	12.58
44.76	12.58
44.78	12.65
44.81	12.68
44.83	12.68
44.85	12.73
44.88	12.78
44.90	12.77
44.93	12.80
44.95	12.86
44.98	12.87
45.00	12.87
45.03	12.94
45.05	12.96
45.07	12.96
45.10	13.01
45.12	13.05
45.15	13.04
45.17	13.08
45.20	13.13
45.22	13.13
45.25	13.15
45.27	13.22
45.29	13.23
45.32	13.23
45.34	13.29
45.37	13.32
45.39	13.31
45.42	13.35
45.44	13.40
45.47	13.39
45.49	13.42
45.51	13.48
45.54	13.48
45.56	13.49
45.59	13.55
45.61	13.57
45.64	13.56
45.66	13.62
45.68	13.66
45.71	13.64
45.73	13.68
45.76	13.75
45.78	13.73
45.81	13.75
45.83	13.81
45.86	13.82
45.88	13.82
45.90	13.88
45.93	13.90
45.95	13.89
45.98	13.94
46.00	13.98
46.03	13.97
46.05	14.00
46.08	14.07
46.10	14.06
46.12	14.06
46.15	14.12
46.17	14.14
46.20	14.13
46.22	14.19
46.25	14.22
46.27	14.21
46.30	14.24
46.32	14.29
46.34	14.28
46.37	14.30
46.39	14.36
46.42	14.36
46.44	14.36
46.47	14.42
46.49	14.45
46.52	14.43
46.54	14.47
46.56	14.51
46.59	14.50
46.61	14.52
46.64	14.58
46.66	14.57
46.69	14.58
46.71	14.64
46.73	14.64
46.76	14.64
46.78	14.70
46.81	14.73
46.83	14.71
46.86	14.75
46.88	14.80
46.91	14.79
46.93	14.80
46.95	14.86
46.98	14.86
47.00	14.86
47.03	14.92
47.05	14.94
47.08	14.92
47.10	14.97
47.13	15.00
47.15	14.99
47.17	15.02
47.20	15.08
47.22	15.07
47.25	15.07
47.27	15.13
47.30	15.15
47.32	15.14
47.35	15.19
47.37	15.22
47.39	15.20
47.42	15.24
47.44	15.28
47.47	15.26
47.49	15.28
47.52	15.34
47.54	15.34
47.57	15.33
47.59	15.39
47.61	15.40
47.64	15.38
47.66	15.43
47.69	15.47
47.71	15.46
47.74	15.48
47.76	15.53
47.78	15.52
47.81	15.53
47.83	15.58
47.86	15.58
47.88	15.58
47.91	15.63
47.93	15.65
47.96	15.63
47.98	15.67
48.00	15.72
48.03	15.69
48.05	15.71
48.08	15.76
48.10	15.76
48.13	15.75
48.15	15.81
48.18	15.81
48.20	15.79
48.22	15.84
48.25	15.87
48.27	15.85
48.30	15.88
48.32	15.92
48.35	15.90
48.37	15.90
48.40	15.96
48.42	15.96
48.44	15.94
48.47	15.99
48.49	16.00
48.52	15.97
48.54	16.00
48.57	16.02
48.59	15.99
48.62	16.00
48.64	16.04
48.66	16.02
48.69	16.00
48.71	16.05
48.74	16.04
48.76	16.01
48.79	16.04
48.81	16.05
48.84	16.01
48.86	16.02
48.88	16.04
48.91	16.01
48.93	15.99
48.96	16.03
48.98	16.00
49.01	15.96
49.03	15.99
49.05	15.97
49.08	15.91
49.10	15.93
49.13	15.93
49.15	15.88
49.18	15.87
49.20	15.88
49.23	15.84
49.25	15.80
49.27	15.82
49.30	15.79
49.32	15.74
49.35	15.75
49.37	15.73
49.40	15.67
49.42	15.66
49.45	15.66
49.47	15.60
49.49	15.56
49.52	15.58
49.54	15.53
49.57	15.47
49.59	15.48
49.62	15.45
49.64	15.38
49.67	15.37
49.69	15.35
49.71	15.29
49.74	15.26
49.76	15.26
49.79	15.19
49.81	15.15
49.84	15.15
49.86	15.10
49.89	15.03
49.91	15.03
49.93	15.00
49.96	14.93
49.98	14.91
50.01	14.89
50.03	14.82
50.06	14.77
50.08	14.77
50.10	14.71
50.13	14.65
50.15	14.64
50.18	14.59
50.20	14.51
50.23	14.50
50.25	14.47
50.28	14.39
50.30	14.35
50.32	14.34
50.35	14.26
50.37	14.21
50.40	14.20
50.42	14.14
50.45	14.07
50.47	14.06
50.50	14.01
50.52	13.92
50.54	13.90
50.57	13.87
50.59	13.79
50.62	13.73
50.64	13.73
50.67	13.65
50.69	13.58
50.72	13.57
50.74	13.51
50.76	13.42
50.79	13.40
50.81	13.36
50.84	13.28
50.86	13.24
50.89	13.22
50.91	13.14
50.94	13.08
50.96	13.06
50.98	12.99
51.01	12.90
51.03	12.89
51.06	12.84
51.08	12.74
51.11	12.71
51.13	12.68
51.15	12.59
51.18	12.53
51.20	12.51
51.23	12.43
51.25	12.36
51.28	12.34
51.30	12.27
51.33	12.18
51.35	12.16
51.37	12.12
51.40	12.03
51.42	11.99
51.45	11.96
51.47	11.86
51.50	11.79
51.52	11.78
51.55	11.71
51.57	11.63
51.59	11.61
51.62	11.55
51.64	11.45
51.67	11.43
51.69	11.39
51.72	11.29
51.74	11.25
51.77	11.23
51.79	11.14
51.81	11.07
51.84	11.06
51.86	11.00
51.89	10.91
51.91	10.89
51.94	10.84
51.96	10.74
51.99	10.70
52.01	10.68
52.03	10.58
52.06	10.52
52.08	10.51
52.11	10.43
52.13	10.36
52.16	10.34
52.18	10.28
52.20	10.18
52.23	10.15
52.25	10.11
52.28	10.02
52.30	9.97
52.33	9.95
52.35	9.87
52.38	9.80
52.40	9.79
52.42	9.72
52.45	9.63
52.47	9.62
52.50	9.57
52.52	9.48
52.55	9.44
52.57	9.42
52.60	9.33
52.62	9.27
52.64	9.26
52.67	9.19
52.69	9.12
52.72	9.09
52.74	9.04
52.77	8.95
52.79	8.93
52.82	8.90
52.84	8.81
52.86	8.77
52.89	8.75
52.91	8.66
52.94	8.60
52.96	8.59
52.99	8.53
53.01	8.45
53.04	8.44
53.06	8.39
53.08	8.30
53.11	8.27
53.13	8.24
53.16	8.16
53.18	8.10
53.21	8.09
53.23	8.02
53.26	7.95
53.28	7.94
53.30	7.89
53.33	7.80
53.35	7.78
53.38	7.75
53.40	7.66
53.43	7.62
53.45	7.60
53.47	7.53
53.50	7.47
53.52	7.46
53.55	7.40
53.57	7.32
53.60	7.32
53.62	7.27
53.65	7.18
53.67	7.15
53.69	7.13
53.72	7.04
53.74	6.99
53.77	6.98
53.79	6.91
53.82	6.85
53.84	6.83
53.87	6.78
53.89	6.70
53.91	6.71
53.94	6.63
53.96	6.55
53.99	6.57
54.01	6.51
54.04	6.41
54.06	6.40
54.09	6.39
54.11	6.28
54.13	6.24
54.16	6.25
54.18	6.16
54.21	6.08
54.23	6.11
54.26	6.04
54.28	5.95
54.31	5.97
54.33	5.93
54.35	5.83
54.38	5.82
54.40	5.82
54.43	5.73
54.45	5.69
54.48	5.71
54.50	5.64
54.52	5.56
54.55	5.59
54.57	5.53
54.60	5.49
54.62	5.49
54.65	5.45
54.67	5.39
54.70	5.41
54.72	5.38
54.74	5.32
54.77	5.32
54.79	5.33
54.82	5.27
54.84	5.25
54.87	5.28
54.89	5.24
54.92	5.21
54.94	5.25
54.96	5.23
54.99	5.20
55.01	5.23
55.04	5.24
55.06	5.20
55.09	5.22
55.11	5.25
55.14	5.22
55.16	5.22
55.18	5.28
55.21	5.27
55.23	5.25
55.26	5.31
55.28	5.33
55.31	5.30
55.33	5.34
55.36	5.38
55.38	5.37
55.40	5.39
55.43	5.46
55.45	5.45
55.48	5.45
55.50	5.53
55.53	5.53
55.55	5.53
55.57	5.60
55.60	5.63
55.62	5.62
55.65	5.66
55.67	5.72
55.70	5.71
55.72	5.73
55.75	5.80
55.77	5.81
55.79	5.81
55.82	5.88
55.84	5.90
55.87	5.89
55.89	5.96
55.92	6.00
55.94	5.99
55.97	6.03
55.99	6.09
56.01	6.09
56.04	6.09
56.06	6.16
56.09	6.17
56.11	6.16
56.14	6.22
56.16	6.26
56.19	6.25
56.21	6.29
56.23	6.34
56.26	6.32
56.28	6.35
56.31	6.41
56.33	6.41
56.36	6.42
56.38	6.48
56.41	6.51
56.43	6.49
56.45	6.55
56.48	6.59
56.50	6.58
56.53	6.62
56.55	6.68
56.58	6.67
56.60	6.69
56.62	6.76
56.65	6.78
56.67	6.79
56.70	6.86
56.72	6.90
56.75	6.90
56.77	6.95
56.80	7.01
56.82	7.01
56.84	7.06
56.87	7.14
56.89	7.16
56.92	7.18
56.94	7.26
56.97	7.31
56.99	7.32
57.02	7.40
57.04	7.47
57.06	7.48
57.09	7.54
57.11	7.63
57.14	7.65
57.16	7.69
57.19	7.79
57.21	7.83
57.24	7.86
57.26	7.96
57.28	8.02
57.31	8.03
57.33	8.12
57.36	8.21
57.38	8.23
57.41	8.29
57.43	8.40
57.46	8.44
57.48	8.48
57.50	8.59
57.53	8.64
57.55	8.66
57.58	8.76
57.60	8.85
57.63	8.88
57.65	8.96
57.68	9.05
57.70	9.08
57.72	9.14
57.75	9.24
57.77	9.29
57.80	9.33
57.82	9.44
57.85	9.50
57.87	9.53
57.89	9.62
57.92	9.71
57.94	9.74
57.97	9.81
57.99	9.92
58.02	9.96
58.04	10.00
58.07	10.11
58.09	10.17
58.11	10.19
58.14	10.30
58.16	10.38
58.19	10.40
58.21	10.49
58.24	10.59
58.26	10.61
58.29	10.67
58.31	10.78
58.33	10.83
58.36	10.87
58.38	10.98
58.41	11.05
58.43	11.07
58.46	11.17
58.48	11.26
58.51	11.29
58.53	11.36
58.55	11.45
58.58	11.49
58.60	11.55
58.63	11.66
58.65	11.72
58.68	11.76
58.70	11.86
58.73	11.95
58.75	11.98
58.77	12.07
58.80	12.18
58.82	12.21
58.85	12.28
58.87	12.40
58.90	12.45
58.92	12.50
58.94	12.62
58.97	12.70
58.99	12.73
59.02	12.84
59.04	12.94
59.07	12.98
59.09	13.07
59.12	13.18
59.14	13.23
59.16	13.30
59.19	13.42
59.21	13.50
59.24	13.55
59.26	13.66
59.29	13.75
59.31	13.79
59.34	13.90
59.36	14.01
59.38	14.05
59.41	14.13
59.43	14.25
59.46	14.31
59.48	14.37
59.51	14.49
59.53	14.57
59.56	14.62
59.58	14.74
59.60	14.84
59.63	14.88
59.65	14.98
59.68	15.10
59.70	15.14
59.73	15.21
59.75	15.34
59.78	15.41
59.80	15.46
59.82	15.58
59.85	15.67
59.87	15.72
59.90	15.83
59.92	15.94
59.95	15.98
59.97	16.07
59.99	16.19
60.02	16.25
60.04	16.31
60.07	16.43
60.09	16.52
60.12	16.56
60.14	16.68
60.17	16.79
60.19	16.83
60.21	16.92
60.24	17.04
60.26	17.10
60.29	17.18
60.31	17.31
60.34	17.37
60.36	17.43
60.39	17.56
60.41	17.65
60.43	17.69
60.46	17.81
60.48	17.93
60.51	17.98
60.53	18.07
60.56	18.20
60.58	18.27
60.61	18.34
60.63	18.46
60.65	18.55
60.68	18.60
60.70	18.73
60.73	18.84
60.75	18.89
60.78	19.00
60.80	19.13
60.83	19.18
60.85	19.26
60.87	19.40
60.90	19.48
60.92	19.54
60.95	19.66
60.97	19.77
61.00	19.82
61.02	19.94
61.05	20.05
61.07	20.11
61.09	20.21
61.12	20.34
61.14	20.40
61.17	20.47
61.19	20.61
61.22	20.69
61.24	20.74
61.26	20.87
61.29	20.98
61.31	21.04
61.34	21.15
61.36	21.28
61.39	21.34
61.41	21.42
61.44	21.56
61.46	21.63
61.48	21.70
61.51	21.83
61.53	21.93
61.56	21.99
61.58	22.11
61.61	22.23
61.63	22.29
61.66	22.38
61.68	22.52
61.70	22.59
61.73	22.67
61.75	22.80
61.78	22.89
61.80	22.96
61.83	23.09
61.85	23.20
61.88	23.26
61.90	23.37
61.92	23.50
61.95	23.56
61.97	23.65
62.00	23.79
62.02	23.87
62.05	23.94
62.07	24.08
62.10	24.17
62.12	24.23
62.14	24.36
62.17	24.49
62.19	24.55
62.22	24.66
62.24	24.80
62.27	24.87
62.29	24.96
62.31	25.10
62.34	25.19
62.36	25.25
62.39	25.40
62.41	25.51
62.44	25.58
62.46	25.71
62.49	25.84
62.51	25.92
62.53	26.02
62.56	26.17
62.58	26.26
62.61	26.34
62.63	26.48
62.66	26.59
62.68	26.66
62.71	26.80
62.73	26.94
62.75	27.01
62.78	27.12
62.80	27.27
62.83	27.34
62.85	27.43
62.88	27.58
62.90	27.68
62.93	27.75
62.95	27.90
62.97	28.02
63.00	28.09
63.02	28.23
63.05	28.36
63.07	28.43
63.10	28.54
63.12	28.69
63.15	28.77
63.17	28.86
63.19	29.00
63.22	29.11
63.24	29.17
63.27	29.31
63.29	29.44
63.32	29.52
63.34	29.64
63.36	29.78
63.39	29.86
63.41	29.96
63.44	30.11
63.46	30.21
63.49	30.29
63.51	30.43
63.54	30.56
63.56	30.63
63.58	30.76
63.61	30.90
63.63	30.98
63.66	31.09
63.68	31.25
63.71	31.33
63.73	31.42
63.76	31.58
63.78	31.68
63.80	31.77
63.83	31.91
63.85	32.05
63.88	32.12
63.90	32.24
63.93	32.40
63.95	32.49
63.98	32.59
64.00	32.75
64.02	32.85
64.05	32.94
64.07	33.08
64.10	33.20
64.12	33.29
64.15	33.42
64.17	33.57
64.20	33.65
64.22	33.77
64.24	33.93
64.27	34.03
64.29	34.12
64.32	34.27
64.34	34.38
64.37	34.46
64.39	34.62
64.41	34.76
64.44	34.85
64.46	34.98
64.49	35.13
64.51	35.22
64.54	35.33
64.56	35.50
64.59	35.60
64.61	35.69
64.63	35.85
64.66	35.98
64.68	36.07
64.71	36.21
64.73	36.37
64.76	36.46
64.78	36.58
64.81	36.74
64.83	36.83
64.85	36.93
64.88	37.09
64.90	37.21
64.93	37.29
64.95	37.45
64.98	37.60
65.00	37.68
65.03	37.82
65.05	37.98
65.07	38.07
65.10	38.18
65.12	38.35
65.15	38.46
65.17	38.55
65.20	38.71
65.22	38.82
65.25	38.91
65.27	39.05
65.29	39.19
65.32	39.27
65.34	39.39
65.37	39.55
65.39	39.63
65.42	39.73
65.44	39.88
65.47	39.99
65.49	40.06
65.51	40.20
65.54	40.33
65.56	40.41
65.59	40.53
65.61	40.66
65.64	40.73
65.66	40.83
65.68	40.97
65.71	41.04
65.73	41.12
65.76	41.25
65.78	41.34
65.81	41.40
65.83	41.52
65.86	41.63
65.88	41.70
65.90	41.79
65.93	41.92
65.95	41.99
65.98	42.06
66.00	42.17
66.03	42.24
66.05	42.31
66.08	42.43
66.10	42.53
66.12	42.58
66.15	42.68
66.17	42.79
66.20	42.85
66.22	42.92
66.25	43.04
66.27	43.11
66.30	43.17
66.32	43.28
66.34	43.36
66.37	43.41
66.39	43.50
66.42	43.60
66.44	43.65
66.47	43.74
66.49	43.85
66.52	43.90
66.54	43.97
66.56	44.08
66.59	44.14
66.61	44.19
66.64	44.30
66.66	44.38
66.69	44.44
66.71	44.52
66.73	44.60
66.76	44.65
66.78	44.71
66.81	44.82
66.83	44.88
66.86	44.93
66.88	45.03
66.91	45.10
66.93	45.13
66.95	45.22
66.98	45.30
67.00	45.34
67.03	45.40
67.05	45.50
67.08	45.55
67.10	45.59
67.13	45.68
67.15	45.73
67.17	45.76
67.20	45.85
67.22	45.92
67.25	45.95
67.27	46.02
67.30	46.11
67.32	46.13
67.35	46.18
67.37	46.28
67.39	46.33
67.42	46.36
67.44	46.43
67.47	46.48
67.49	46.49
67.52	46.56
67.54	46.63
67.57	46.65
67.59	46.70
67.61	46.77
67.64	46.79
67.66	46.82
67.69	46.90
67.71	46.94
67.74	46.94
67.76	47.02
67.78	47.07
67.81	47.07
67.83	47.13
67.86	47.19
67.88	47.20
67.91	47.23
67.93	47.29
67.96	47.29
67.98	47.31
68.00	47.37
68.03	47.39
68.05	47.38
68.08	47.43
68.10	47.49
68.13	47.48
68.15	47.51
68.18	47.57
68.20	47.57
68.22	47.57
68.25	47.63
68.27	47.65
68.30	47.66
68.32	47.71
68.35	47.74
68.37	47.74
68.40	47.77
68.42	47.81
68.44	47.80
68.47	47.82
68.49	47.88
68.52	47.88
68.54	47.88
68.57	47.93
68.59	47.95
68.62	47.94
68.64	47.99
68.66	48.03
68.69	48.02
68.71	48.05
68.74	48.11
68.76	48.10
68.79	48.10
68.81	48.16
68.83	48.16
68.86	48.15
68.88	48.20
68.91	48.23
68.93	48.21
68.96	48.23
68.98	48.27
69.01	48.26
69.03	48.26
69.05	48.31
69.08	48.31
69.10	48.30
69.13	48.34
69.15	48.36
69.18	48.33
69.20	48.36
69.23	48.39
69.25	48.37
69.27	48.38
69.30	48.42
69.32	48.40
69.35	48.38
69.37	48.42
69.40	48.40
69.42	48.38
69.45	48.41
69.47	48.43
69.49	48.41
69.52	48.43
69.54	48.46
69.57	48.42
69.59	48.41
69.62	48.45
69.64	48.43
69.67	48.40
69.69	48.42
69.71	48.42
69.74	48.39
69.76	48.41
69.79	48.43
69.81	48.39
69.84	48.39
69.86	48.41
69.89	48.37
69.91	48.35
69.93	48.38
69.96	48.36
69.98	48.33
70.01	48.35
70.03	48.34
70.06	48.30
70.08	48.30
70.10	48.32
70.13	48.28
70.15	48.26
70.18	48.28
70.20	48.24
70.23	48.21
70.25	48.23
70.28	48.22
70.30	48.16
70.32	48.17
70.35	48.17
70.37	48.12
70.40	48.10
70.42	48.12
70.45	48.07
70.47	48.03
70.50	48.05
70.52	48.02
70.54	47.98
70.57	47.99
70.59	47.98
70.62	47.94
70.64	47.92
70.67	47.93
70.69	47.88
70.72	47.85
70.74	47.87
70.76	47.83
70.79	47.79
70.81	47.79
70.84	47.78
70.86	47.72
70.89	47.72
70.91	47.72
70.94	47.67
70.96	47.67
70.98	47.68
71.01	47.63
71.03	47.59
71.06	47.62
71.08	47.60
71.11	47.54
71.13	47.57
71.15	47.56
71.18	47.51
71.20	47.51
71.23	47.53
71.25	47.49
71.28	47.48
71.30	47.51
71.33	47.48
71.35	47.47
71.37	47.51
71.40	47.52
71.42	47.48
71.45	47.52
71.47	47.55
71.50	47.54
71.52	47.56
71.55	47.64
71.57	47.64
71.59	47.66
71.62	47.73
71.64	47.76
71.67	47.77
71.69	47.85
71.72	47.91
71.74	47.93
71.77	48.01
71.79	48.10
71.81	48.13
71.84	48.19
71.86	48.30
71.89	48.35
71.91	48.41
71.94	48.53
71.96	48.60
71.99	48.65
72.01	48.76
72.03	48.83
72.06	48.89
72.08	49.00
72.11	49.07
72.13	49.12
72.16	49.21
72.18	49.30
72.20	49.33
72.23	49.39
72.25	49.48
72.28	49.53
72.30	49.55
72.33	49.64
72.35	49.69
72.38	49.71
72.40	49.76
72.42	49.81
72.45	49.81
72.47	49.86
72.50	49.91
72.52	49.91
72.55	49.92
72.57	49.95
72.60	49.95
72.62	49.95
72.64	49.98
72.67	49.99
72.69	49.99
72.72	49.99
72.74	49.99
72.77	49.99
72.79	49.99
72.82	49.99
72.84	49.99
72.86	49.99
72.89	49.99
72.91	49.99
72.94	49.99
72.96	49.99
72.99	49.99
73.01	49.99
73.04	49.99
73.06	49.99
73.08	49.99
73.11	49.99
73.13	49.99
73.16	49.99
73.18	49.99
73.21	49.99
73.23	49.99
73.25	49.99
73.28	49.99
73.30	49.99
73.33	49.99
73.35	49.99
73.38	49.99
73.40	49.99
73.43	49.99
73.45	49.99
73.47	49.99
73.50	49.99
73.52	49.99
73.55	49.99
73.57	49.99
73.60	49.99
73.62	49.99
73.65	49.99
73.67	49.99
73.69	49.99
73.72	49.99
73.74	49.99
73.77	49.99
73.79	49.99
73.82	49.99
73.84	49.99
73.87	49.99
73.89	49.99
73.91	49.99
73.94	49.99
73.96	49.99
73.99	49.99
74.01	49.99
74.04	49.99
74.06	49.99
74.09	49.99
74.11	49.99
74.13	49.99
74.16	49.99
74.18	49.99
74.21	49.99
74.23	49.99
74.26	49.99
74.28	49.99
74.31	49.99
74.33	49.99
74.35	49.99
74.38	49.99
74.40	49.99
74.43	49.99
74.45	49.99
74.48	49.99
74.50	49.99
74.52	49.99
74.55	49.99
74.57	49.99
74.60	49.99
74.62	49.99
74.65	49.99
74.67	49.99
74.70	49.99
74.72	49.99
74.74	49.99
74.77	49.99
74.79	49.99
74.82	49.99
74.84	49.99
74.87	49.99
74.89	49.99
74.92	49.99
74.94	49.99
74.96	49.99
74.99	49.99
75.01	49.99
75.04	49.99
75.06	49.99
75.09	49.99
75.11	49.99
75.14	49.99
75.16	49.99
75.18	49.99
75.21	49.99
75.23	49.99
75.26	49.99
75.28	49.99
75.31	49.99
75.33	49.99
75.36	49.99
75.38	49.99
75.40	49.99
75.43	49.99
75.45	49.99
75.48	49.99
75.50	49.99
75.53	49.99
75.55	49.99
75.57	49.99
75.60	49.99
75.62	49.99
75.65	49.99
75.67	49.99
75.70	49.99
75.72	49.99
75.75	49.99
75.77	49.99
75.79	49.99
75.82	49.99
75.84	49.99
75.87	49.99
75.89	49.99
75.92	49.99
75.94	49.99
75.97	49.99
75.99	49.99
76.01	49.99
76.04	49.99
76.06	49.99
76.09	49.99
76.11	49.99
76.14	49.99
76.16	49.99
76.19	49.99
76.21	49.99
76.23	49.99
76.26	49.99
76.28	49.99
76.31	49.99
76.33	49.99
76.36	49.99
76.38	49.99
76.41	49.99
76.43	49.99
76.45	49.99
76.48	49.99
76.50	49.99
76.53	49.99
76.55	49.99
76.58	49.99
76.60	49.99
76.62	49.99
76.65	49.99
76.67	49.99
76.70	49.99
76.72	49.99
76.75	49.99
76.77	49.99
76.80	49.99
76.82	49.99
76.84	49.99
76.87	49.99
76.89	49.99
76.92	49.99
76.94	49.99
76.97	49.99
76.99	49.99
77.02	49.99
77.04	49.99
77.06	49.99
77.09	49.99
77.11	49.99
77.14	49.99
77.16	49.99
77.19	49.99
77.21	49.99
77.24	49.99
77.26	49.99
77.28	49.99
77.31	49.99
77.33	49.99
77.36	49.99
77.38	49.99
77.41	49.99
77.43	49.99
77.46	49.99
77.48	49.99
77.50	49.99
77.53	49.99
77.55	49.99
77.58	49.99
77.60	49.99
77.63	49.99
77.65	49.99
77.68	49.99
77.70	49.99
77.72	49.99
77.75	49.99
77.77	49.99
77.80	49.99
77.82	49.99
77.85	49.99
77.87	49.99
77.89	49.99
77.92	49.99
77.94	49.99
77.97	49.99
77.99	49.99
78.02	49.99
78.04	49.99
78.07	49.99
78.09	49.99
78.11	49.99
78.14	49.99
78.16	49.99
78.19	49.99
78.21	49.99
78.24	49.99
78.26	49.99
78.29	49.99
78.31	49.99
78.33	49.99
78.36	49.99
78.38	49.99
78.41	49.99
78.43	49.99
78.46	49.99
78.48	49.99
78.51	49.99
78.53	49.99
78.55	49.99
78.58	49.99
78.60	49.99
78.63	49.99
78.65	49.99
78.68	49.99
78.70	49.99
78.73	49.99
78.75	49.99
78.77	49.99
78.80	49.99
78.82	49.99
78.85	49.99
78.87	49.99
78.90	49.99
78.92	49.99
78.94	49.99
78.97	49.99
78.99	49.99
79.02	49.99
79.04	49.99
79.07	49.99
79.09	49.99
79.12	49.99
79.14	49.99
79.16	49.99
79.19	49.99
79.21	49.99
79.24	49.99
79.26	49.99
79.29	49.99
79.31	49.99
79.34	49.99
79.36	49.99
79.38	49.99
79.41	49.99
79.43	49.99
79.46	49.99
79.48	49.99
79.51	49.99
79.53	49.99
79.56	49.99
79.58	49.99
79.60	49.99
79.63	49.99
79.65	49.99
79.68	49.99
79.70	49.99
79.73	49.99
79.75	49.99
79.78	49.99
79.80	49.99
79.82	49.99
79.85	49.99
79.87	49.99
79.90	49.99
79.92	49.99
79.95	49.99
79.97	49.99
79.99	49.99
80.02	49.99
80.04	49.99
80.07	49.99
80.09	49.99
80.12	49.99
80.14	49.99
80.17	49.99
80.19	49.99
80.21	49.99
80.24	49.99
80.26	49.99
80.29	49.99
80.31	49.99
80.34	49.99
80.36	49.99
80.39	49.99
80.41	49.99
80.43	49.99
80.46	49.99
80.48	49.99
80.51	49.99
80.53	49.99
80.56	49.99
80.58	49.99
80.61	49.99
80.63	49.99
80.65	49.99
80.68	49.99
80.70	49.99
80.73	49.99
80.75	49.99
80.78	49.99
80.80	49.99
80.83	49.99
80.85	49.99
80.87	49.99
80.90	49.99
80.92	49.99
80.95	49.99
80.97	49.99
81.00	49.99
81.02	49.99
81.04	49.99
81.07	49.99
81.09	49.99
81.12	49.99
81.14	49.99
81.17	49.99
81.19	49.99
81.22	49.99
81.24	49.99
81.26	49.99
81.29	49.99
81.31	49.99
81.34	49.99
81.36	49.99
81.39	49.99
81.41	49.99
81.44	49.99
81.46	49.99
81.48	49.99
81.51	49.99
81.53	49.99
81.56	49.99
81.58	49.99
81.61	49.99
81.63	49.99
81.66	49.99
81.68	49.99
81.70	49.99
81.73	49.99
81.75	49.99
81.78	49.99
81.80	49.99
81.83	49.99
81.85	49.99
81.88	49.99
81.90	49.99
81.92	49.99
81.95	49.99
81.97	49.99
82.00	49.99
82.02	49.99
82.05	49.99
82.07	49.99
82.10	49.99
82.12	49.99
82.14	49.99
82.17	49.99
82.19	49.99
82.22	49.99
82.24	49.99
82.27	49.99
82.29	49.99
82.31	49.99
82.34	49.99
82.36	49.99
82.39	49.99
82.41	49.99
82.44	49.99
82.46	49.99
82.49	49.99
82.51	49.99
82.53	49.99
82.56	49.99
82.58	49.99
82.61	49.99
82.63	49.99
82.66	49.99
82.68	49.99
82.71	49.99
82.73	49.99
82.75	49.99
82.78	49.99
82.80	49.99
82.83	49.99
82.85	49.99
82.88	49.99
82.90	49.99
82.93	49.99
82.95	49.99
82.97	49.99
83.00	49.99
83.02	49.99
83.05	49.99
83.07	49.99
83.10	49.99
83.12	49.99
83.15	49.99
83.17	49.99
83.19	49.99
83.22	49.99
83.24	49.99
83.27	49.99
83.29	49.99
83.32	49.99
83.34	49.99
83.36	49.99
83.39	49.99
83.41	49.99
83.44	49.99
83.46	49.99
83.49	49.99
83.51	49.99
83.54	49.99
83.56	49.99
83.58	49.99
83.61	49.99
83.63	49.99
83.66	49.99
83.68	49.99
83.71	49.99
83.73	49.99
83.76	49.99
83.78	49.99
83.80	49.99
83.83	49.99
83.85	49.99
83.88	49.99
83.90	49.99
83.93	49.99
83.95	49.99
83.98	49.99
84.00	49.99
84.02	49.99
84.05	49.99
84.07	49.99
84.10	49.99
84.12	49.99
84.15	49.99
84.17	49.99
84.20	49.99
84.22	49.99
84.24	49.99
84.27	49.99
84.29	49.99
84.32	49.99
84.34	49.99
84.37	49.99
84.39	49.99
84.41	49.99
84.44	49.99
84.46	49.99
84.49	49.99
84.51	49.99
84.54	49.99
84.56	49.99
84.59	49.99
84.61	49.99
84.63	49.99
84.66	49.99
84.68	49.99
84.71	49.99
84.73	49.99
84.76	49.99
84.78	49.99
84.81	49.99
84.83	49.99
84.85	49.99
84.88	49.99
84.90	49.99
84.93	49.99
84.95	49.99
84.98	49.99
85.00	49.99
85.03	49.99
85.05	49.99
85.07	49.99
85.10	49.99
85.12	49.99
85.15	49.99
85.17	49.99
85.20	49.99
85.22	49.99
85.25	49.99
85.27	49.99
85.29	49.99
85.32	49.99
85.34	49.99
85.37	49.99
85.39	49.99
85.42	49.99
85.44	49.99
85.47	49.99
85.49	49.99
85.51	49.99
85.54	49.99
85.56	49.99
85.59	49.99
85.61	49.99
85.64	49.99
85.66	49.99
85.68	49.99
85.71	49.99
85.73	49.99
85.76	49.99
85.78	49.99
85.81	49.99
85.83	49.99
85.86	49.99
85.88	49.99
85.90	49.99
85.93	49.99
85.95	49.99
85.98	49.99
86.00	49.99
86.03	49.99
86.05	49.99
86.08	49.99
86.10	49.99
86.12	49.99
86.15	49.99
86.17	49.99
86.20	49.99
86.22	49.99
86.25	49.99
86.27	49.99
86.30	49.99
86.32	49.99
86.34	49.99
86.37	49.99
86.39	49.99
86.42	49.99
86.44	49.99
86.47	49.99
86.49	49.99
86.52	49.99
86.54	49.99
86.56	49.99
86.59	49.99
86.61	49.99
86.64	49.99
86.66	49.99
86.69	49.99
86.71	49.99
86.73	49.99
86.76	49.99
86.78	49.99
86.81	49.99
86.83	49.99
86.86	49.99
86.88	49.99
86.91	49.99
86.93	49.99
86.95	49.99
86.98	49.99
87.00	49.99
87.03	49.99
87.05	49.99
87.08	49.99
87.10	49.99
87.13	49.99
87.15	49.99
87.17	49.99
87.20	49.99
87.22	49.99
87.25	49.99
87.27	49.99
87.30	49.99
87.32	49.99
87.35	49.99
87.37	49.99
87.39	49.99
87.42	49.99
87.44	49.99
87.47	49.99
87.49	49.99
87.52	49.99
87.54	49.99
87.57	49.99
87.59	49.99
87.61	49.99
87.64	49.99
87.66	49.99
87.69	49.99
87.71	49.99
87.74	49.99
87.76	49.99
87.78	49.99
87.81	49.99
87.83	49.99
87.86	49.99
87.88	49.99
87.91	49.99
87.93	49.99
87.96	49.99
87.98	49.99
88.00	49.99
88.03	49.99
88.05	49.99
88.08	49.99
88.10	49.99
88.13	49.99
88.15	49.99
88.18	49.99
88.20	49.99
88.22	49.99
88.25	49.99
88.27	49.99
88.30	49.99
88.32	49.99
88.35	49.99
88.37	49.99
88.40	49.99
88.42	49.99
88.44	49.99
88.47	49.99
88.49	49.99
88.52	49.99
88.54	49.99
88.57	49.99
88.59	49.99
88.62	49.99
88.64	49.99
88.66	49.99
88.69	49.99
88.71	49.99
88.74	49.99
88.76	49.99
88.79	49.99
88.81	49.99
88.83	49.99
88.86	49.99
88.88	49.99
88.91	49.99
88.93	49.99
88.96	49.99
88.98	49.99
89.01	49.99
89.03	49.99
89.05	49.99
89.08	49.99
89.10	49.99
89.13	49.99
89.15	49.99
89.18	49.99
89.20	49.99
89.23	49.99
89.25	49.99
89.27	49.99
89.30	49.99
89.32	49.99
89.35	49.99
89.37	49.99
89.40	49.99
89.42	49.99
89.45	49.99
89.47	49.99
89.49	49.99
89.52	49.99
89.54	49.99
89.57	49.99
89.59	49.99
89.62	49.99
89.64	49.99
89.67	49.99
89.69	49.99
89.71	49.99
89.74	49.99
89.76	49.99
89.79	49.99
89.81	49.99
89.84	49.99
89.86	49.99
89.89	49.99
89.91	49.99
89.93	49.99
89.96	49.99
89.98	49.99
90.01	49.99
90.03	49.99
90.06	49.99
90.08	49.99
90.10	49.99
90.13	49.99
90.15	49.99
90.18	49.99
90.20	49.99
90.23	49.99
90.25	49.99
90.28	49.99
90.30	49.99
90.32	49.99
90.35	49.99
90.37	49.99
90.40	49.99
90.42	49.99
90.45	49.99
90.47	49.99
90.50	49.99
90.52	49.99
90.54	49.99
90.57	49.99
90.59	49.99
90.62	49.99
90.64	49.99
90.67	49.99
90.69	49.99
90.72	49.99
90.74	49.99
90.76	49.99
90.79	49.99
90.81	49.99
90.84	49.99
90.86	49.99
90.89	49.99
90.91	49.99
90.94	49.99
90.96	49.99
90.98	49.99
91.01	49.99
91.03	49.99
91.06	49.99
91.08	49.99
91.11	49.99
91.13	49.99
91.15	49.99
91.18	49.99
91.20	49.99
91.23	49.99
91.25	49.99
91.28	49.99
91.30	49.99
91.33	49.99
91.35	49.99
91.37	49.99
91.40	49.99
91.42	49.99
91.45	49.99
91.47	49.99
91.50	49.99
91.52	49.99
91.55	49.99
91.57	49.99
91.59	49.99
91.62	49.99
91.64	49.99
91.67	49.99
91.69	49.99
91.72	49.99
91.74	49.99
91.77	49.99
91.79	49.99
91.81	49.99
91.84	49.99
91.86	49.99
91.89	49.99
91.91	49.99
91.94	49.99
91.96	49.99
91.99	49.99
92.01	49.99
92.03	49.99
92.06	49.99
92.08	49.99
92.11	49.99
92.13	49.99
92.16	49.99
92.18	49.99
92.20	49.99
92.23	49.99
92.25	49.99
92.28	49.99
92.30	49.99
92.33	49.99
92.35	49.99
92.38	49.99
92.40	49.99
92.42	49.99
92.45	49.99
92.47	49.99
92.50	49.99
92.52	49.99
92.55	49.99
92.57	49.99
92.60	49.99
92.62	49.99
92.64	49.99
92.67	49.99
92.69	49.99
92.72	49.99
92.74	49.99
92.77	49.99
92.79	49.99
92.82	49.99
92.84	49.99
92.86	49.99
92.89	49.99
92.91	49.99
92.94	49.99
92.96	49.99
92.99	49.99
93.01	49.99
93.04	49.99
93.06	49.99
93.08	49.99
93.11	49.99
93.13	49.99
93.16	49.99
93.18	49.99
93.21	49.99
93.23	49.99
93.25	49.99
93.28	49.99
93.30	49.99
93.33	49.99
93.35	49.99
93.38	49.99
93.40	49.99
93.43	49.99
93.45	49.99
93.47	49.99
93.50	49.99
93.52	49.99
93.55	49.99
93.57	49.99
93.60	49.99
93.62	49.99
93.65	49.99
93.67	49.99
93.69	49.99
93.72	49.99
93.74	49.99
93.77	49.99
93.79	49.99
93.82	49.99
93.84	49.99
93.87	49.99
93.89	49.99
93.91	49.99
93.94	49.99
93.96	49.99
93.99	49.99
94.01	49.99
94.04	49.99
94.06	49.99
94.09	49.99
94.11	49.99
94.13	49.99
94.16	49.99
94.18	49.99
94.21	49.99
94.23	49.99
94.26	49.99
94.28	49.99
94.31	49.99
94.33	49.99
94.35	49.99
94.38	49.99
94.40	49.99
94.43	49.99
94.45	49.99
94.48	49.99
94.50	49.99
94.52	49.99
94.55	49.99
94.57	49.99
94.60	49.99
94.62	49.99
94.65	49.99
94.67	49.99
94.70	49.99
94.72	49.99
94.74	49.99
94.77	49.99
94.79	49.99
94.82	49.99
94.84	49.99
94.87	49.99
94.89	49.99
94.92	49.99
94.94	49.99
94.96	49.99
94.99	49.99
95.01	49.99
95.04	49.99
95.06	49.99
95.09	49.99
95.11	49.99
95.14	49.99
95.16	49.99
95.18	49.99
95.21	49.99
95.23	49.99
95.26	49.99
95.28	49.99
95.31	49.99
95.33	49.99
95.36	49.99
95.38	49.99
95.40	49.99
95.43	49.99
95.45	49.99
95.48	49.99
95.50	49.99
95.53	49.99
95.55	49.99
95.57	49.99
95.60	49.99
95.62	49.99
95.65	49.99
95.67	49.99
95.70	49.99
95.72	49.99
95.75	49.99
95.77	49.99
95.79	49.99
95.82	49.99
95.84	49.99
95.87	49.99
95.89	49.99
95.92	49.99
95.94	49.99
95.97	49.99
95.99	49.99
96.01	49.99
96.04	49.99
96.06	49.99
96.09	49.99
96.11	49.99
96.14	49.99
96.16	49.99
96.19	49.99
96.21	49.99
96.23	49.99
96.26	49.99
96.28	49.99
96.31	49.99
96.33	49.99
96.36	49.99
96.38	49.99
96.41	49.99
96.43	49.99
96.45	49.99
96.48	49.99
96.50	49.99
96.53	49.99
96.55	49.99
96.58	49.99
96.60	49.99
96.62	49.99
96.65	49.99
96.67	49.99
96.70	49.99
96.72	49.99
96.75	49.99
96.77	49.99
96.80	49.99
96.82	49.99
96.84	49.99
96.87	49.99
96.89	49.99
96.92	49.99
96.94	49.99
96.97	49.99
96.99	49.99
97.02	49.99
97.04	49.99
97.06	49.99
97.09	49.99
97.11	49.99
97.14	49.99
97.16	49.99
97.19	49.99
97.21	49.99
97.24	49.99
97.26	49.99
97.28	49.99
97.31	49.99
97.33	49.99
97.36	49.99
97.38	49.99
97.41	49.99
97.43	49.99
97.46	49.99
97.48	49.99
97.50	49.99
97.53	49.99
97.55	49.99
97.58	49.99
97.60	49.99
97.63	49.99
97.65	49.99
97.68	49.99
97.70	49.99
97.72	49.99
97.75	49.99
97.77	49.99
97.80	49.99
97.82	49.99
97.85	49.99
97.87	49.99
97.89	49.99
97.92	49.99
97.94	49.99
97.97	49.99
97.99	49.99
98.02	49.99
98.04	49.99
98.07	49.99
98.09	49.99
98.11	49.99
98.14	49.99
98.16	49.99
98.19	49.99
98.21	49.99
98.24	49.99
98.26	49.99
98.29	49.99
98.31	49.99
98.33	49.99
98.36	49.99
98.38	49.99
98.41	49.99
98.43	49.99
98.46	49.99
98.48	49.99
98.51	49.99
98.53	49.99
98.55	49.99
98.58	49.99
98.60	49.99
98.63	49.99
98.65	49.99
98.68	49.99
98.70	49.99
98.73	49.99
98.75	49.99
98.77	49.99
98.80	49.99
98.82	49.99
98.85	49.99
98.87	49.99
98.90	49.99
98.92	49.99
98.94	49.99
98.97	49.99
98.99	49.99
99.02	49.99
99.04	49.99
99.07	49.99
99.09	49.99
99.12	49.99
99.14	49.99
99.16	49.99
99.19	49.99
99.21	49.99
99.24	49.99
99.26	49.99
99.29	49.99
99.31	49.99
99.34	49.99
99.36	49.99
99.38	49.99
99.41	49.99
99.43	49.99
99.46	49.99
99.48	49.99
99.51	49.99
99.53	49.99
99.56	49.99
99.58	49.99
99.60	49.99
99.63	49.99
99.65	49.99
99.68	49.99
99.70	49.99
99.73	49.99
99.75	49.99
99.78	49.99
99.80	49.99
99.82	49.99
99.85	49.99
99.87	49.99
99.90	49.99
