#U1/V	IA/nA
0.02	0.38
0.04	0.37
0.07	0.35
0.09	0.33
0.12	0.33
0.14	0.30
0.17	0.28
0.19	0.28
0.21	0.25
0.24	0.23
0.26	0.21
0.29	0.20
0.31	0.18
0.34	0.16
0.36	0.18
0.39	0.18
0.41	0.16
0.43	0.18
0.46	0.18
0.48	0.16
0.51	0.17
0.53	0.18
0.56	0.16
0.58	0.16
0.61	0.18
0.63	0.18
0.65	0.16
0.68	0.19
0.70	0.19
0.73	0.16
0.75	0.18
0.78	0.18
0.80	0.16
0.83	0.17
0.85	0.18
0.87	0.17
0.90	0.16
0.92	0.18
0.95	0.18
0.97	0.16
1.00	0.19
1.02	0.18
1.05	0.16
1.07	0.18
1.09	0.18
1.12	0.17
1.14	0.17
1.17	0.18
1.19	0.18
1.22	0.16
1.24	0.18
1.26	0.18
1.29	0.16
1.31	0.18
1.34	0.18
1.36	0.16
1.39	0.17
1.41	0.19
1.44	0.18
1.46	0.17
1.48	0.18
1.51	0.18
1.53	0.16
1.56	0.19
1.58	0.19
1.61	0.16
1.63	0.18
1.66	0.19
1.68	0.17
1.70	0.17
1.73	0.18
1.75	0.18
1.78	0.17
1.80	0.19
1.83	0.19
1.85	0.17
1.88	0.18
1.90	0.18
1.92	0.16
1.95	0.17
1.97	0.18
2.00	0.17
2.02	0.16
2.05	0.18
2.07	0.18
2.10	0.16
2.12	0.18
2.14	0.18
2.17	0.16
2.19	0.17
2.22	0.17
2.24	0.16
2.27	0.17
2.29	0.17
2.31	0.16
2.34	0.17
2.36	0.17
2.39	0.17
2.41	0.16
2.44	0.16
2.46	0.16
2.49	0.15
2.51	0.17
2.53	0.17
2.56	0.16
2.58	0.17
2.61	0.17
2.63	0.17
2.66	0.17
2.68	0.17
2.71	0.17
2.73	0.16
2.75	0.17
2.78	0.17
2.80	0.16
2.83	0.18
2.85	0.17
2.88	0.16
2.90	0.18
2.93	0.18
2.95	0.16
2.97	0.18
3.00	0.18
3.02	0.16
3.05	0.17
3.07	0.18
3.10	0.18
3.12	0.16
3.15	0.18
3.17	0.18
3.19	0.16
3.22	0.19
3.24	0.19
3.27	0.16
3.29	0.17
3.32	0.19
3.34	0.17
3.36	0.17
3.39	0.18
3.41	0.18
3.44	0.16
3.46	0.18
3.49	0.18
3.51	0.16
3.54	0.18
3.56	0.18
3.58	0.16
3.61	0.16
3.63	0.18
3.66	0.17
3.68	0.16
3.71	0.18
3.73	0.18
3.76	0.15
3.78	0.18
3.80	0.18
3.83	0.15
3.85	0.16
3.88	0.17
3.90	0.16
3.93	0.15
3.95	0.17
3.98	0.17
4.00	0.15
4.02	0.17
4.05	0.17
4.07	0.15
4.10	0.17
4.12	0.17
4.15	0.16
4.17	0.16
4.20	0.17
4.22	0.16
4.24	0.15
4.27	0.17
4.29	0.17
4.32	0.15
4.34	0.17
4.37	0.19
4.39	0.17
4.42	0.17
4.44	0.19
4.46	0.18
4.49	0.17
4.51	0.18
4.54	0.18
4.56	0.16
4.59	0.19
4.61	0.19
4.63	0.18
4.66	0.18
4.68	0.18
4.71	0.17
4.73	0.19
4.76	0.19
4.78	0.19
4.81	0.20
4.83	0.19
4.85	0.19
4.88	0.19
4.90	0.19
4.93	0.19
4.95	0.17
4.98	0.17
5.00	0.17
5.03	0.16
5.05	0.17
5.07	0.17
5.10	0.17
5.12	0.18
5.15	0.18
5.17	0.18
5.20	0.17
5.22	0.17
5.25	0.16
5.27	0.16
5.29	0.17
5.32	0.17
5.34	0.15
5.37	0.17
5.39	0.17
5.42	0.15
5.44	0.17
5.47	0.17
5.49	0.15
5.51	0.16
5.54	0.17
5.56	0.17
5.59	0.16
5.61	0.17
5.64	0.17
5.66	0.15
5.68	0.15
5.71	0.15
5.73	0.13
5.76	0.14
5.78	0.15
5.81	0.14
5.83	0.14
5.86	0.16
5.88	0.15
5.90	0.14
5.93	0.16
5.95	0.16
5.98	0.14
6.00	0.16
6.03	0.16
6.05	0.14
6.08	0.16
6.10	0.17
6.12	0.16
6.15	0.15
6.17	0.18
6.20	0.18
6.22	0.16
6.25	0.19
6.27	0.19
6.30	0.19
6.32	0.21
6.34	0.23
6.37	0.22
6.39	0.22
6.42	0.25
6.44	0.24
6.47	0.22
6.49	0.26
6.52	0.26
6.54	0.23
6.56	0.26
6.59	0.28
6.61	0.26
6.64	0.27
6.66	0.31
6.69	0.29
6.71	0.28
6.73	0.32
6.76	0.32
6.78	0.29
6.81	0.33
6.83	0.33
6.86	0.31
6.88	0.33
6.91	0.36
6.93	0.34
6.95	0.35
6.98	0.38
7.00	0.37
7.03	0.34
7.05	0.37
7.08	0.37
7.10	0.37
7.13	0.40
7.15	0.40
7.17	0.40
7.20	0.42
7.22	0.42
7.25	0.40
7.27	0.42
7.30	0.42
7.32	0.42
7.35	0.43
7.37	0.44
7.39	0.44
7.42	0.44
7.44	0.47
7.47	0.47
7.49	0.47
7.52	0.48
7.54	0.48
7.57	0.47
7.59	0.48
7.61	0.50
7.64	0.50
7.66	0.51
7.69	0.55
7.71	0.51
7.74	0.52
7.76	0.56
7.78	0.53
7.81	0.52
7.83	0.57
7.86	0.57
7.88	0.54
7.91	0.58
7.93	0.60
7.96	0.56
7.98	0.58
8.00	0.62
8.03	0.59
8.05	0.58
8.08	0.63
8.10	0.62
8.13	0.60
8.15	0.65
8.18	0.65
8.20	0.62
8.22	0.65
8.25	0.68
8.27	0.64
8.30	0.65
8.32	0.70
8.35	0.67
8.37	0.66
8.40	0.71
8.42	0.71
8.44	0.67
8.47	0.71
8.49	0.74
8.52	0.70
8.54	0.72
8.57	0.76
8.59	0.73
8.62	0.72
8.64	0.78
8.66	0.76
8.69	0.73
8.71	0.78
8.74	0.78
8.76	0.74
8.79	0.77
8.81	0.81
8.84	0.77
8.86	0.78
8.88	0.83
8.91	0.80
8.93	0.78
8.96	0.83
8.98	0.84
9.01	0.80
9.03	0.84
9.05	0.86
9.08	0.82
9.10	0.84
9.13	0.88
9.15	0.85
9.18	0.84
9.20	0.89
9.23	0.87
9.25	0.84
9.27	0.89
9.30	0.90
9.32	0.86
9.35	0.90
9.37	0.93
9.40	0.89
9.42	0.90
9.45	0.95
9.47	0.92
9.49	0.92
9.52	0.94
9.54	0.93
9.57	0.93
9.59	0.95
9.62	0.95
9.64	0.95
9.67	0.96
9.69	0.96
9.71	0.96
9.74	0.97
9.76	0.99
9.79	0.98
9.81	0.99
9.84	1.00
9.86	1.00
9.89	1.00
9.91	1.02
9.93	1.02
9.96	1.01
9.98	1.03
10.01	1.04
10.03	1.03
10.06	1.04
10.08	1.06
10.10	1.03
10.13	1.06
10.15	1.09
10.18	1.05
10.20	1.06
10.23	1.11
10.25	1.08
10.28	1.07
10.30	1.12
10.32	1.10
10.35	1.07
10.37	1.12
10.40	1.13
10.42	1.09
10.45	1.12
10.47	1.16
10.50	1.13
10.52	1.13
10.54	1.18
10.57	1.16
10.59	1.14
10.62	1.19
10.64	1.18
10.67	1.15
10.69	1.18
10.72	1.21
10.74	1.18
10.76	1.19
10.79	1.23
10.81	1.20
10.84	1.19
10.86	1.24
10.89	1.23
10.91	1.21
10.94	1.25
10.96	1.26
10.98	1.23
11.01	1.25
11.03	1.29
11.06	1.25
11.08	1.25
11.11	1.30
11.13	1.28
11.15	1.25
11.18	1.30
11.20	1.30
11.23	1.26
11.25	1.30
11.28	1.33
11.30	1.28
11.33	1.29
11.35	1.34
11.37	1.31
11.40	1.30
11.42	1.35
11.45	1.34
11.47	1.31
11.50	1.35
11.52	1.37
11.55	1.33
11.57	1.35
11.59	1.39
11.62	1.35
11.64	1.35
11.67	1.40
11.69	1.39
11.72	1.36
11.74	1.41
11.77	1.42
11.79	1.38
11.81	1.41
11.84	1.44
11.86	1.40
11.89	1.41
11.91	1.46
11.94	1.44
11.96	1.46
11.99	1.47
12.01	1.46
12.03	1.46
12.06	1.48
12.08	1.48
12.11	1.47
12.13	1.49
12.16	1.49
12.18	1.49
12.21	1.51
12.23	1.52
12.25	1.50
12.28	1.52
12.30	1.52
12.33	1.52
12.35	1.51
12.38	1.54
12.40	1.54
12.42	1.53
12.45	1.55
12.47	1.57
12.50	1.55
12.52	1.57
12.55	1.57
12.57	1.53
12.60	1.57
12.62	1.60
12.64	1.56
12.67	1.58
12.69	1.62
12.72	1.58
12.74	1.58
12.77	1.63
12.79	1.61
12.82	1.58
12.84	1.63
12.86	1.64
12.89	1.60
12.91	1.63
12.94	1.67
12.96	1.63
12.99	1.64
13.01	1.68
13.04	1.66
13.06	1.63
13.08	1.68
13.11	1.68
13.13	1.65
13.16	1.69
13.18	1.71
13.21	1.67
13.23	1.69
13.26	1.73
13.28	1.70
13.30	1.69
13.33	1.74
13.35	1.73
13.38	1.70
13.40	1.75
13.43	1.76
13.45	1.72
13.47	1.75
13.50	1.78
13.52	1.74
13.55	1.75
13.57	1.80
13.60	1.78
13.62	1.76
13.65	1.81
13.67	1.81
13.69	1.77
13.72	1.83
13.74	1.86
13.77	1.81
13.79	1.83
13.82	1.88
13.84	1.84
13.87	1.83
13.89	1.88
13.91	1.87
13.94	1.84
13.96	1.89
13.99	1.90
14.01	1.85
14.04	1.88
14.06	1.91
14.09	1.87
14.11	1.88
14.13	1.93
14.16	1.91
14.18	1.88
14.21	1.93
14.23	1.93
14.26	1.90
14.28	1.93
14.31	1.96
14.33	1.89
14.35	1.90
14.38	1.92
14.40	1.91
14.43	1.92
14.45	1.93
14.48	1.92
14.50	1.93
14.52	1.94
14.55	1.94
14.57	1.93
14.60	1.95
14.62	1.95
14.65	1.93
14.67	1.95
14.70	1.96
14.72	1.93
14.74	1.94
14.77	1.95
14.79	1.95
14.82	1.94
14.84	1.96
14.87	1.95
14.89	1.95
14.92	1.95
14.94	1.95
14.96	1.93
14.99	1.97
15.01	1.95
15.04	1.92
15.06	1.95
15.09	1.96
15.11	1.91
15.14	1.92
15.16	1.95
15.18	1.91
15.21	1.89
15.23	1.94
15.26	1.91
15.28	1.87
15.31	1.91
15.33	1.91
15.36	1.86
15.38	1.89
15.40	1.91
15.43	1.86
15.45	1.85
15.48	1.89
15.50	1.85
15.53	1.83
15.55	1.87
15.57	1.86
15.60	1.81
15.62	1.84
15.65	1.85
15.67	1.80
15.70	1.81
15.72	1.84
15.75	1.79
15.77	1.78
15.79	1.82
15.82	1.80
15.84	1.76
15.87	1.80
15.89	1.80
15.92	1.74
15.94	1.76
15.97	1.78
15.99	1.73
16.01	1.73
16.04	1.77
16.06	1.73
16.09	1.71
16.11	1.74
16.14	1.73
16.16	1.68
16.19	1.71
16.21	1.73
16.23	1.67
16.26	1.67
16.28	1.71
16.31	1.66
16.33	1.65
16.36	1.69
16.38	1.67
16.41	1.63
16.43	1.66
16.45	1.66
16.48	1.61
16.50	1.63
16.53	1.66
16.55	1.61
16.58	1.60
16.60	1.64
16.63	1.61
16.65	1.58
16.67	1.62
16.70	1.61
16.72	1.56
16.75	1.59
16.77	1.61
16.80	1.56
16.82	1.57
16.84	1.57
16.87	1.55
16.89	1.55
16.92	1.56
16.94	1.54
16.97	1.54
16.99	1.55
17.02	1.53
17.04	1.52
17.06	1.53
17.09	1.53
17.11	1.51
17.14	1.51
17.16	1.52
17.19	1.49
17.21	1.50
17.24	1.50
17.26	1.49
17.28	1.47
17.31	1.49
17.33	1.48
17.36	1.46
17.38	1.46
17.41	1.46
17.43	1.43
17.46	1.47
17.48	1.45
17.50	1.41
17.53	1.43
17.55	1.44
17.58	1.38
17.60	1.40
17.63	1.43
17.65	1.37
17.68	1.36
17.70	1.40
17.72	1.37
17.75	1.33
17.77	1.37
17.80	1.36
17.82	1.31
17.85	1.33
17.87	1.34
17.89	1.29
17.92	1.29
17.94	1.32
17.97	1.28
17.99	1.26
18.02	1.30
18.04	1.28
18.07	1.23
18.09	1.26
18.11	1.27
18.14	1.21
18.16	1.22
18.19	1.25
18.21	1.20
18.24	1.18
18.26	1.22
18.29	1.19
18.31	1.15
18.33	1.18
18.36	1.18
18.38	1.13
18.41	1.15
18.43	1.18
18.46	1.13
18.48	1.12
18.51	1.16
18.53	1.12
18.55	1.09
18.58	1.13
18.60	1.11
18.63	1.06
18.65	1.09
18.68	1.10
18.70	1.05
18.73	1.05
18.75	1.09
18.77	1.04
18.80	1.01
18.82	1.05
18.85	1.03
18.87	0.99
18.90	1.02
18.92	1.02
18.94	0.97
18.97	0.98
18.99	1.00
19.02	0.95
19.04	0.93
19.07	0.97
19.09	0.93
19.12	0.89
19.14	0.93
19.16	0.92
19.19	0.87
19.21	0.90
19.24	0.91
19.26	0.86
19.29	0.86
19.31	0.85
19.34	0.83
19.36	0.83
19.38	0.81
19.41	0.79
19.43	0.78
19.46	0.78
19.48	0.76
19.51	0.74
19.53	0.75
19.56	0.73
19.58	0.71
19.60	0.71
19.63	0.71
19.65	0.69
19.68	0.68
19.70	0.68
19.73	0.66
19.75	0.64
19.78	0.65
19.80	0.63
19.82	0.62
19.85	0.62
19.87	0.60
19.90	0.57
19.92	0.61
19.95	0.59
19.97	0.54
19.99	0.58
20.02	0.59
20.04	0.54
20.07	0.54
20.09	0.57
20.12	0.53
20.14	0.51
20.17	0.54
20.19	0.51
20.21	0.47
20.24	0.49
20.26	0.49
20.29	0.44
20.31	0.46
20.34	0.48
20.36	0.44
20.39	0.43
20.41	0.46
20.43	0.43
20.46	0.40
20.48	0.43
20.51	0.42
20.53	0.38
20.56	0.40
20.58	0.41
20.61	0.37
20.63	0.38
20.65	0.41
20.68	0.38
20.70	0.35
20.73	0.38
20.75	0.36
20.78	0.33
20.80	0.36
20.83	0.36
20.85	0.32
20.87	0.34
20.90	0.36
20.92	0.33
20.95	0.32
20.97	0.34
21.00	0.32
21.02	0.29
21.05	0.33
21.07	0.32
21.09	0.28
21.12	0.31
21.14	0.32
21.17	0.28
21.19	0.29
21.22	0.31
21.24	0.28
21.26	0.26
21.29	0.29
21.31	0.28
21.34	0.25
21.36	0.28
21.39	0.28
21.41	0.25
21.44	0.26
21.46	0.28
21.48	0.26
21.51	0.25
21.53	0.27
21.56	0.26
21.58	0.23
21.61	0.26
21.63	0.26
21.66	0.22
21.68	0.24
21.70	0.24
21.73	0.23
21.75	0.24
21.78	0.24
21.80	0.22
21.83	0.23
21.85	0.23
21.88	0.23
21.90	0.22
21.92	0.22
21.95	0.22
21.97	0.20
22.00	0.22
22.02	0.22
22.05	0.20
22.07	0.20
22.10	0.20
22.12	0.19
22.14	0.19
22.17	0.19
22.19	0.19
22.22	0.18
22.24	0.19
22.27	0.19
22.29	0.18
22.31	0.19
22.34	0.18
22.36	0.16
22.39	0.19
22.41	0.19
22.44	0.16
22.46	0.19
22.49	0.19
22.51	0.17
22.53	0.19
22.56	0.20
22.58	0.19
22.61	0.19
22.63	0.21
22.66	0.21
22.68	0.19
22.71	0.23
22.73	0.23
22.75	0.21
22.78	0.24
22.80	0.27
22.83	0.25
22.85	0.27
22.88	0.31
22.90	0.31
22.93	0.31
22.95	0.36
22.97	0.38
23.00	0.38
23.02	0.43
23.05	0.47
23.07	0.47
23.10	0.52
23.12	0.58
23.15	0.58
23.17	0.62
23.19	0.69
23.22	0.73
23.24	0.74
23.27	0.83
23.29	0.88
23.32	0.89
23.34	0.98
23.36	1.06
23.39	1.07
23.41	1.14
23.44	1.23
23.46	1.27
23.49	1.31
23.51	1.42
23.54	1.48
23.56	1.50
23.58	1.60
23.61	1.68
23.63	1.70
23.66	1.78
23.68	1.88
23.71	1.91
23.73	1.96
23.76	2.08
23.78	2.13
23.80	2.16
23.83	2.27
23.85	2.35
23.88	2.37
23.90	2.46
23.93	2.56
23.95	2.59
23.98	2.66
24.00	2.77
24.02	2.81
24.05	2.85
24.07	2.96
24.10	3.02
24.12	3.05
24.15	3.15
24.17	3.21
24.20	3.27
24.22	3.35
24.24	3.42
24.27	3.47
24.29	3.54
24.32	3.62
24.34	3.67
24.37	3.74
24.39	3.82
24.42	3.87
24.44	3.93
24.46	4.01
24.49	4.08
24.51	4.13
24.54	4.20
24.56	4.27
24.59	4.30
24.61	4.37
24.63	4.44
24.66	4.50
24.68	4.56
24.71	4.63
24.73	4.69
24.76	4.74
24.78	4.84
24.81	4.87
24.83	4.91
24.85	5.01
24.88	5.06
24.90	5.08
24.93	5.18
24.95	5.25
24.98	5.26
25.00	5.34
25.03	5.43
25.05	5.45
25.07	5.50
25.10	5.60
25.12	5.63
25.15	5.66
25.17	5.76
25.20	5.82
25.22	5.83
25.25	5.91
25.27	5.99
25.29	6.00
25.32	6.06
25.34	6.15
25.37	6.17
25.39	6.21
25.42	6.28
25.44	6.32
25.47	6.34
25.49	6.43
25.51	6.49
25.54	6.49
25.56	6.56
25.59	6.65
25.61	6.66
25.64	6.70
25.66	6.80
25.68	6.82
25.71	6.83
25.73	6.92
25.76	6.98
25.78	6.98
25.81	7.05
25.83	7.13
25.86	7.13
25.88	7.18
25.90	7.27
25.93	7.29
25.95	7.32
25.98	7.41
26.00	7.44
26.03	7.47
26.05	7.55
26.08	7.61
26.10	7.61
26.12	7.67
26.15	7.75
26.17	7.75
26.20	7.78
26.22	7.87
26.25	7.89
26.27	7.90
26.30	7.98
26.32	8.03
26.34	8.03
26.37	8.09
26.39	8.17
26.42	8.16
26.44	8.20
26.47	8.29
26.49	8.30
26.52	8.31
26.54	8.39
26.56	8.42
26.59	8.44
26.61	8.49
26.64	8.52
26.66	8.56
26.69	8.60
26.71	8.64
26.73	8.66
26.76	8.70
26.78	8.75
26.81	8.77
26.83	8.80
26.86	8.85
26.88	8.88
26.91	8.90
26.93	8.95
26.95	8.98
26.98	9.01
27.00	9.04
27.03	9.09
27.05	9.10
27.08	9.15
27.10	9.18
27.13	9.20
27.15	9.23
27.17	9.28
27.20	9.28
27.22	9.32
27.25	9.36
27.27	9.36
27.30	9.37
27.32	9.45
27.35	9.47
27.37	9.46
27.39	9.53
27.42	9.57
27.44	9.55
27.47	9.60
27.49	9.66
27.52	9.65
27.54	9.67
27.57	9.74
27.59	9.75
27.61	9.74
27.64	9.81
27.66	9.84
27.69	9.82
27.71	9.87
27.74	9.93
27.76	9.91
27.78	9.94
27.81	10.01
27.83	10.01
27.86	10.04
27.88	10.11
27.91	10.13
27.93	10.11
27.96	10.17
27.98	10.21
28.00	10.19
28.03	10.23
28.05	10.30
28.08	10.29
28.10	10.30
28.13	10.37
28.15	10.37
28.18	10.36
28.20	10.43
28.22	10.46
28.25	10.43
28.27	10.48
28.30	10.54
28.32	10.52
28.35	10.55
28.37	10.62
28.40	10.61
28.42	10.60
28.44	10.67
28.47	10.68
28.49	10.67
28.52	10.72
28.54	10.76
28.57	10.74
28.59	10.77
28.62	10.83
28.64	10.81
28.66	10.81
28.69	10.88
28.71	10.89
28.74	10.88
28.76	10.93
28.79	10.97
28.81	10.94
28.84	10.98
28.86	11.03
28.88	11.01
28.91	11.02
28.93	11.08
28.96	11.08
28.98	11.07
29.01	11.14
29.03	11.14
29.05	11.15
29.08	11.20
29.10	11.20
29.13	11.21
29.15	11.24
29.18	11.26
29.20	11.27
29.23	11.29
29.25	11.32
29.27	11.33
29.30	11.35
29.32	11.38
29.35	11.39
29.37	11.40
29.40	11.43
29.42	11.45
29.45	11.46
29.47	11.49
29.49	11.52
29.52	11.52
29.54	11.54
29.57	11.57
29.59	11.58
29.62	11.59
29.64	11.63
29.67	11.61
29.69	11.63
29.71	11.69
29.74	11.67
29.76	11.68
29.79	11.74
29.81	11.73
29.84	11.70
29.86	11.75
29.89	11.78
29.91	11.76
29.93	11.79
29.96	11.85
29.98	11.82
30.01	11.83
30.03	11.89
30.06	11.88
30.08	11.87
30.10	11.92
30.13	11.94
30.15	11.91
30.18	11.95
30.20	12.00
30.23	11.97
30.25	12.00
30.28	12.06
30.30	12.04
30.32	12.03
30.35	12.08
30.37	12.09
30.40	12.07
30.42	12.14
30.45	12.17
30.47	12.15
30.50	12.17
30.52	12.22
30.54	12.20
30.57	12.20
30.59	12.26
30.62	12.26
30.64	12.24
30.67	12.29
30.69	12.31
30.72	12.28
30.74	12.32
30.76	12.36
30.79	12.33
30.81	12.34
30.84	12.39
30.86	12.38
30.89	12.36
30.91	12.43
30.94	12.43
30.96	12.40
30.98	12.45
31.01	12.47
31.03	12.43
31.06	12.45
31.08	12.49
31.11	12.47
31.13	12.46
31.15	12.50
31.18	12.49
31.20	12.46
31.23	12.50
31.25	12.52
31.28	12.47
31.30	12.49
31.33	12.52
31.35	12.48
31.37	12.47
31.40	12.51
31.42	12.49
31.45	12.45
31.47	12.47
31.50	12.45
31.52	12.43
31.55	12.44
31.57	12.41
31.59	12.39
31.62	12.38
31.64	12.37
31.67	12.33
31.69	12.33
31.72	12.31
31.74	12.28
31.77	12.25
31.79	12.25
31.81	12.21
31.84	12.18
31.86	12.16
31.89	12.12
31.91	12.08
31.94	12.06
31.96	12.03
31.99	11.98
32.01	11.95
32.03	11.92
32.06	11.87
32.08	11.84
32.11	11.83
32.13	11.74
32.16	11.70
32.18	11.71
32.20	11.64
32.23	11.57
32.25	11.58
32.28	11.51
32.30	11.43
32.33	11.42
32.35	11.39
32.38	11.30
32.40	11.26
32.42	11.24
32.45	11.14
32.47	11.08
32.50	11.07
32.52	11.01
32.55	10.92
32.57	10.90
32.60	10.85
32.62	10.75
32.64	10.72
32.67	10.69
32.69	10.59
32.72	10.53
32.74	10.51
32.77	10.42
32.79	10.33
32.82	10.32
32.84	10.25
32.86	10.15
32.89	10.12
32.91	10.07
32.94	9.96
32.96	9.91
32.99	9.88
33.01	9.78
33.04	9.70
33.06	9.68
33.08	9.61
33.11	9.51
33.13	9.48
33.16	9.43
33.18	9.32
33.21	9.27
33.23	9.23
33.26	9.12
33.28	9.04
33.30	9.02
33.33	8.93
33.35	8.83
33.38	8.80
33.40	8.73
33.43	8.62
33.45	8.58
33.47	8.53
33.50	8.42
33.52	8.35
33.55	8.32
33.57	8.21
33.60	8.13
33.62	8.10
33.65	8.02
33.67	7.92
33.69	7.88
33.72	7.82
33.74	7.70
33.77	7.64
33.79	7.61
33.82	7.50
33.84	7.42
33.87	7.40
33.89	7.30
33.91	7.23
33.94	7.16
33.96	7.09
33.99	7.01
34.01	6.96
34.04	6.88
34.06	6.80
34.09	6.75
34.11	6.68
34.13	6.60
34.16	6.54
34.18	6.47
34.21	6.37
34.23	6.30
34.26	6.25
34.28	6.17
34.31	6.10
34.33	6.05
34.35	5.98
34.38	5.90
34.40	5.84
34.43	5.78
34.45	5.70
34.48	5.64
34.50	5.59
34.52	5.50
34.55	5.46
34.57	5.43
34.60	5.33
34.62	5.26
34.65	5.24
34.67	5.15
34.70	5.06
34.72	5.05
34.74	4.99
34.77	4.89
34.79	4.87
34.82	4.86
34.84	4.75
34.87	4.70
34.89	4.68
34.92	4.59
34.94	4.52
34.96	4.51
34.99	4.44
35.01	4.35
35.04	4.34
35.06	4.29
35.09	4.19
35.11	4.16
35.14	4.14
35.16	4.04
35.18	3.98
35.21	3.98
35.23	3.91
35.26	3.83
35.28	3.82
35.31	3.77
35.33	3.67
35.36	3.66
35.38	3.63
35.40	3.53
35.43	3.49
35.45	3.48
35.48	3.40
35.50	3.33
35.53	3.33
35.55	3.28
35.57	3.19
35.60	3.18
35.62	3.14
35.65	3.05
35.67	3.02
35.70	3.02
35.72	2.93
35.75	2.88
35.77	2.88
35.79	2.81
35.82	2.74
35.84	2.73
35.87	2.70
35.89	2.59
35.92	2.58
35.94	2.56
35.97	2.48
35.99	2.44
36.01	2.44
36.04	2.37
36.06	2.31
36.09	2.32
36.11	2.26
36.14	2.19
36.16	2.19
36.19	2.17
36.21	2.09
36.23	2.07
36.26	2.06
36.28	1.98
36.31	1.94
36.33	1.95
36.36	1.87
36.38	1.84
36.41	1.81
36.43	1.77
36.45	1.73
36.48	1.71
36.50	1.69
36.53	1.65
36.55	1.62
36.58	1.59
36.60	1.54
36.62	1.52
36.65	1.49
36.67	1.45
36.70	1.42
36.72	1.40
36.75	1.36
36.77	1.32
36.80	1.30
36.82	1.27
36.84	1.23
36.87	1.20
36.89	1.18
36.92	1.14
36.94	1.12
36.97	1.12
36.99	1.04
37.02	1.04
37.04	1.04
37.06	0.96
37.09	0.94
37.11	0.95
37.14	0.90
37.16	0.85
37.19	0.87
37.21	0.84
37.24	0.77
37.26	0.78
37.28	0.77
37.31	0.71
37.33	0.69
37.36	0.71
37.38	0.65
37.41	0.62
37.43	0.64
37.46	0.60
37.48	0.55
37.50	0.56
37.53	0.54
37.55	0.48
37.58	0.48
37.60	0.49
37.63	0.45
37.65	0.43
37.68	0.45
37.70	0.41
37.72	0.37
37.75	0.39
37.77	0.38
37.80	0.33
37.82	0.34
37.85	0.34
37.87	0.30
37.89	0.29
37.92	0.31
37.94	0.28
37.97	0.25
37.99	0.27
38.02	0.25
38.04	0.22
38.07	0.23
38.09	0.23
38.11	0.20
38.14	0.21
38.16	0.21
38.19	0.18
38.21	0.17
38.24	0.18
38.26	0.16
38.29	0.14
38.31	0.15
38.33	0.15
38.36	0.12
38.38	0.13
38.41	0.13
38.43	0.11
38.46	0.11
38.48	0.11
38.51	0.10
38.53	0.09
38.55	0.10
38.58	0.10
38.60	0.08
38.63	0.08
38.65	0.08
38.68	0.07
38.70	0.07
38.73	0.07
38.75	0.06
38.77	0.06
38.80	0.06
38.82	0.06
38.85	0.06
38.87	0.06
38.90	0.06
38.92	0.05
38.94	0.05
38.97	0.05
38.99	0.04
39.02	0.04
39.04	0.04
39.07	0.04
39.09	0.04
39.12	0.04
39.14	0.04
39.16	0.04
39.19	0.04
39.21	0.03
39.24	0.03
39.26	0.04
39.29	0.04
39.31	0.04
39.34	0.05
39.36	0.05
39.38	0.05
39.41	0.07
39.43	0.07
39.46	0.06
39.48	0.08
39.51	0.10
39.53	0.10
39.56	0.13
39.58	0.16
39.60	0.16
39.63	0.17
39.65	0.22
39.68	0.23
39.70	0.24
39.73	0.29
39.75	0.32
39.78	0.33
39.80	0.38
39.82	0.45
39.85	0.47
39.87	0.52
39.90	0.59
39.92	0.63
39.95	0.66
39.97	0.75
39.99	0.81
40.02	0.84
40.04	0.93
40.07	1.02
40.09	1.05
40.12	1.13
40.14	1.24
40.17	1.28
40.19	1.33
40.21	1.45
40.24	1.52
40.26	1.56
40.29	1.68
40.31	1.78
40.34	1.82
40.36	1.92
40.39	2.04
40.41	2.08
40.43	2.15
40.46	2.28
40.48	2.34
40.51	2.38
40.53	2.51
40.56	2.59
40.58	2.63
40.61	2.74
40.63	2.85
40.65	2.89
40.68	2.97
40.70	3.09
40.73	3.14
40.75	3.18
40.78	3.31
40.80	3.38
40.83	3.42
40.85	3.55
40.87	3.64
40.90	3.66
40.92	3.75
40.95	3.87
40.97	3.90
41.00	3.97
41.02	4.09
41.05	4.15
41.07	4.19
41.09	4.30
41.12	4.38
41.14	4.41
41.17	4.52
41.19	4.62
41.22	4.65
41.24	4.74
41.26	4.83
41.29	4.88
41.31	4.97
41.34	5.05
41.36	5.11
41.39	5.18
41.41	5.27
41.44	5.34
41.46	5.41
41.48	5.50
41.51	5.55
41.53	5.62
41.56	5.71
41.58	5.80
41.61	5.86
41.63	5.94
41.66	6.02
41.68	6.09
41.70	6.17
41.73	6.26
41.75	6.34
41.78	6.42
41.80	6.51
41.83	6.59
41.85	6.64
41.88	6.76
41.90	6.83
41.92	6.88
41.95	7.00
41.97	7.10
42.00	7.14
42.02	7.23
42.05	7.36
42.07	7.40
42.10	7.47
42.12	7.62
42.14	7.68
42.17	7.73
42.19	7.85
42.22	7.93
42.24	7.98
42.27	8.08
42.29	8.20
42.31	8.24
42.34	8.32
42.36	8.44
42.39	8.49
42.41	8.55
42.44	8.68
42.46	8.75
42.49	8.79
42.51	8.90
42.53	9.00
42.56	9.03
42.58	9.12
42.61	9.24
42.63	9.27
42.66	9.33
42.68	9.46
42.71	9.52
42.73	9.55
42.75	9.67
42.78	9.76
42.80	9.78
42.83	9.88
42.85	9.98
42.88	10.01
42.90	10.08
42.93	10.20
42.95	10.25
42.97	10.30
43.00	10.41
43.02	10.47
43.05	10.50
43.07	10.60
43.10	10.69
43.12	10.72
43.15	10.79
43.17	10.90
43.19	10.94
43.22	10.99
43.24	11.11
43.27	11.17
43.29	11.19
43.32	11.30
43.34	11.37
43.36	11.39
43.39	11.48
43.41	11.59
43.44	11.61
43.46	11.68
43.49	11.79
43.51	11.82
43.54	11.86
43.56	11.97
43.58	12.03
43.61	12.05
43.63	12.14
43.66	12.23
43.68	12.26
43.71	12.34
43.73	12.40
43.76	12.45
43.78	12.52
43.80	12.59
43.83	12.64
43.85	12.70
43.88	12.77
43.90	12.83
43.93	12.88
43.95	12.97
43.98	13.03
44.00	13.08
44.02	13.16
44.05	13.22
44.07	13.27
44.10	13.33
44.12	13.40
44.15	13.45
44.17	13.50
44.20	13.58
44.22	13.63
44.24	13.68
44.27	13.75
44.29	13.80
44.32	13.84
44.34	13.95
44.37	14.00
44.39	14.02
44.41	14.12
44.44	14.18
44.46	14.19
44.49	14.27
44.51	14.37
44.54	14.38
44.56	14.42
44.59	14.53
44.61	14.55
44.63	14.58
44.66	14.68
44.68	14.74
44.71	14.76
44.73	14.84
44.76	14.92
44.78	14.93
44.81	14.99
44.83	15.09
44.85	15.11
44.88	15.14
44.90	15.24
44.93	15.28
44.95	15.29
44.98	15.39
45.00	15.45
45.03	15.45
45.05	15.53
45.07	15.61
45.10	15.62
45.12	15.67
45.15	15.77
45.17	15.81
45.20	15.83
45.22	15.92
45.25	15.97
45.27	15.97
45.29	16.05
45.32	16.12
45.34	16.13
45.37	16.19
45.39	16.28
45.42	16.28
45.44	16.32
45.47	16.41
45.49	16.45
45.51	16.46
45.54	16.55
45.56	16.61
45.59	16.61
45.61	16.68
45.64	16.77
45.66	16.77
45.68	16.82
45.71	16.91
45.73	16.93
45.76	16.94
45.78	17.03
45.81	17.08
45.83	17.08
45.86	17.16
45.88	17.23
45.90	17.23
45.93	17.28
45.95	17.38
45.98	17.39
46.00	17.42
46.03	17.51
46.05	17.54
46.08	17.55
46.10	17.64
46.12	17.67
46.15	17.71
46.17	17.77
46.20	17.81
46.22	17.84
46.25	17.89
46.27	17.95
46.30	17.98
46.32	18.03
46.34	18.08
46.37	18.11
46.39	18.16
46.42	18.22
46.44	18.25
46.47	18.28
46.49	18.34
46.52	18.38
46.54	18.41
46.56	18.45
46.59	18.51
46.61	18.54
46.64	18.59
46.66	18.64
46.69	18.67
46.71	18.70
46.73	18.78
46.76	18.77
46.78	18.81
46.81	18.91
46.83	18.92
46.86	18.93
46.88	19.01
46.91	19.05
46.93	19.05
46.95	19.12
46.98	19.18
47.00	19.18
47.03	19.22
47.05	19.30
47.08	19.32
47.10	19.34
47.13	19.43
47.15	19.45
47.17	19.45
47.20	19.52
47.22	19.58
47.25	19.57
47.27	19.63
47.30	19.71
47.32	19.70
47.35	19.74
47.37	19.82
47.39	19.84
47.42	19.84
47.44	19.91
47.47	19.95
47.49	19.94
47.52	20.01
47.54	20.07
47.57	20.06
47.59	20.10
47.61	20.18
47.64	20.17
47.66	20.18
47.69	20.26
47.71	20.28
47.74	20.28
47.76	20.34
47.78	20.39
47.81	20.37
47.83	20.42
47.86	20.48
47.88	20.46
47.91	20.48
47.93	20.54
47.96	20.54
47.98	20.53
48.00	20.59
48.03	20.62
48.05	20.59
48.08	20.64
48.10	20.67
48.13	20.63
48.15	20.65
48.18	20.71
48.20	20.68
48.22	20.68
48.25	20.73
48.27	20.72
48.30	20.69
48.32	20.72
48.35	20.73
48.37	20.69
48.40	20.70
48.42	20.73
48.44	20.68
48.47	20.66
48.49	20.71
48.52	20.67
48.54	20.64
48.57	20.66
48.59	20.64
48.62	20.61
48.64	20.61
48.66	20.59
48.69	20.56
48.71	20.57
48.74	20.54
48.76	20.50
48.79	20.49
48.81	20.48
48.84	20.44
48.86	20.41
48.88	20.39
48.91	20.36
48.93	20.32
48.96	20.31
48.98	20.28
49.01	20.25
49.03	20.22
49.05	20.20
49.08	20.15
49.10	20.12
49.13	20.09
49.15	20.05
49.18	20.02
49.20	20.01
49.23	19.92
49.25	19.89
49.27	19.89
49.30	19.82
49.32	19.75
49.35	19.77
49.37	19.71
49.40	19.63
49.42	19.63
49.45	19.60
49.47	19.51
49.49	19.50
49.52	19.48
49.54	19.39
49.57	19.34
49.59	19.36
49.62	19.29
49.64	19.21
49.67	19.21
49.69	19.16
49.71	19.06
49.74	19.04
49.76	19.02
49.79	18.91
49.81	18.87
49.84	18.86
49.86	18.77
49.89	18.69
49.91	18.69
49.93	18.62
49.96	18.52
49.98	18.51
50.01	18.45
50.03	18.34
50.06	18.30
50.08	18.27
50.10	18.16
50.13	18.09
50.15	18.08
50.18	17.99
50.20	17.86
50.23	17.84
50.25	17.77
50.28	17.66
50.30	17.63
50.32	17.59
50.35	17.46
50.37	17.40
50.40	17.38
50.42	17.27
50.45	17.19
50.47	17.17
50.50	17.08
50.52	16.97
50.54	16.93
50.57	16.86
50.59	16.74
50.62	16.70
50.64	16.67
50.67	16.54
50.69	16.46
50.72	16.45
50.74	16.35
50.76	16.24
50.79	16.22
50.81	16.14
50.84	16.02
50.86	15.98
50.89	15.93
50.91	15.81
50.94	15.75
50.96	15.72
50.98	15.61
51.01	15.54
51.03	15.48
51.06	15.38
51.08	15.31
51.11	15.25
51.13	15.17
51.15	15.09
51.18	15.03
51.20	14.95
51.23	14.87
51.25	14.80
51.28	14.74
51.30	14.64
51.33	14.58
51.35	14.51
51.37	14.43
51.40	14.35
51.42	14.29
51.45	14.21
51.47	14.12
51.50	14.06
51.52	13.98
51.55	13.90
51.57	13.83
51.59	13.77
51.62	13.65
51.64	13.62
51.67	13.56
51.69	13.43
51.72	13.39
51.74	13.35
51.77	13.22
51.79	13.14
51.81	13.12
51.84	13.02
51.86	12.92
51.89	12.90
51.91	12.82
51.94	12.70
51.96	12.66
51.99	12.60
52.01	12.47
52.03	12.41
52.06	12.38
52.08	12.26
52.11	12.18
52.13	12.16
52.16	12.06
52.18	11.95
52.20	11.91
52.23	11.85
52.25	11.72
52.28	11.68
52.30	11.63
52.33	11.50
52.35	11.43
52.38	11.41
52.40	11.31
52.42	11.21
52.45	11.18
52.47	11.09
52.50	10.97
52.52	10.94
52.55	10.89
52.57	10.77
52.60	10.70
52.62	10.68
52.64	10.56
52.67	10.48
52.69	10.46
52.72	10.37
52.74	10.26
52.77	10.23
52.79	10.17
52.82	10.04
52.84	10.00
52.86	9.97
52.89	9.85
52.91	9.77
52.94	9.75
52.96	9.65
52.99	9.55
53.01	9.53
53.04	9.46
53.06	9.34
53.08	9.32
53.11	9.26
53.13	9.14
53.16	9.08
53.18	9.06
53.21	8.94
53.23	8.86
53.26	8.85
53.28	8.75
53.30	8.65
53.33	8.63
53.35	8.57
53.38	8.44
53.40	8.41
53.43	8.36
53.45	8.26
53.47	8.20
53.50	8.13
53.52	8.05
53.55	8.00
53.57	7.93
53.60	7.85
53.62	7.79
53.65	7.73
53.67	7.65
53.69	7.57
53.72	7.52
53.74	7.45
53.77	7.38
53.79	7.32
53.82	7.26
53.84	7.18
53.87	7.12
53.89	7.06
53.91	6.98
53.94	6.91
53.96	6.86
53.99	6.79
54.01	6.71
54.04	6.66
54.06	6.59
54.09	6.50
54.11	6.49
54.13	6.42
54.16	6.31
54.18	6.29
54.21	6.25
54.23	6.13
54.26	6.09
54.28	6.07
54.31	5.96
54.33	5.89
54.35	5.88
54.38	5.79
54.40	5.70
54.43	5.68
54.45	5.63
54.48	5.52
54.50	5.50
54.52	5.47
54.55	5.36
54.57	5.30
54.60	5.29
54.62	5.19
54.65	5.11
54.67	5.11
54.70	5.04
54.72	4.94
54.74	4.93
54.77	4.88
54.79	4.77
54.82	4.74
54.84	4.72
54.87	4.61
54.89	4.54
54.92	4.55
54.94	4.47
54.96	4.38
54.99	4.38
55.01	4.32
55.04	4.22
55.06	4.20
55.09	4.18
55.11	4.06
55.14	4.01
55.16	4.01
55.18	3.91
55.21	3.84
55.23	3.85
55.26	3.79
55.28	3.68
55.31	3.68
55.33	3.64
55.36	3.53
55.38	3.51
55.40	3.50
55.43	3.40
55.45	3.35
55.48	3.36
55.50	3.28
55.53	3.20
55.55	3.21
55.57	3.16
55.60	3.06
55.62	3.05
55.65	3.04
55.67	2.91
55.70	2.88
55.72	2.90
55.75	2.82
55.77	2.76
55.79	2.79
55.82	2.74
55.84	2.66
55.87	2.68
55.89	2.65
55.92	2.61
55.94	2.62
55.97	2.59
55.99	2.57
56.01	2.56
56.04	2.56
56.06	2.54
56.09	2.54
56.11	2.55
56.14	2.54
56.16	2.54
56.19	2.56
56.21	2.57
56.23	2.57
56.26	2.61
56.28	2.66
56.31	2.67
56.33	2.71
56.36	2.75
56.38	2.77
56.41	2.81
56.43	2.86
56.45	2.90
56.48	2.93
56.50	3.03
56.53	3.03
56.55	3.08
56.58	3.20
56.60	3.22
56.62	3.25
56.65	3.38
56.67	3.44
56.70	3.45
56.72	3.57
56.75	3.66
56.77	3.67
56.80	3.77
56.82	3.90
56.84	3.93
56.87	4.00
56.89	4.14
56.92	4.20
56.94	4.24
56.97	4.38
56.99	4.48
57.02	4.50
57.04	4.62
57.06	4.74
57.09	4.77
57.11	4.86
57.14	5.01
57.16	5.05
57.19	5.11
57.21	5.26
57.24	5.33
57.26	5.36
57.28	5.49
57.31	5.60
57.33	5.63
57.36	5.74
57.38	5.88
57.41	5.91
57.43	5.99
57.46	6.14
57.48	6.20
57.50	6.24
57.53	6.38
57.55	6.47
57.58	6.50
57.60	6.63
57.63	6.76
57.65	6.80
57.68	6.89
57.70	7.04
57.72	7.09
57.75	7.16
57.77	7.32
57.80	7.41
57.82	7.46
57.85	7.61
57.87	7.74
57.89	7.78
57.92	7.92
57.94	8.08
57.97	8.15
57.99	8.25
58.02	8.44
58.04	8.53
58.07	8.62
58.09	8.80
58.11	8.93
58.14	9.01
58.16	9.19
58.19	9.36
58.21	9.45
58.24	9.61
58.26	9.82
58.29	9.94
58.31	10.08
58.33	10.30
58.36	10.45
58.38	10.62
58.41	10.80
58.43	10.97
58.46	11.15
58.48	11.36
58.51	11.54
58.53	11.73
58.55	11.94
58.58	12.16
58.60	12.35
58.63	12.55
58.65	12.76
58.68	12.96
58.70	13.18
58.73	13.42
58.75	13.64
58.77	13.86
58.80	14.11
58.82	14.35
58.85	14.57
58.87	14.83
58.90	15.09
58.92	15.31
58.94	15.56
58.97	15.82
58.99	16.01
59.02	16.30
59.04	16.62
59.07	16.83
59.09	17.09
59.12	17.43
59.14	17.67
59.16	17.92
59.19	18.26
59.21	18.54
59.24	18.78
59.26	19.13
59.29	19.46
59.31	19.70
59.34	20.04
59.36	20.42
59.38	20.70
59.41	21.02
59.43	21.42
59.46	21.74
59.48	22.04
59.51	22.44
59.53	22.82
59.56	23.15
59.58	23.58
59.60	24.01
59.63	24.37
59.65	24.80
59.68	25.31
59.70	25.73
59.73	26.18
59.75	26.74
59.78	27.20
59.80	27.65
59.82	28.23
59.85	28.83
59.87	29.37
59.90	30.02
59.92	30.74
59.95	31.39
59.97	32.16
59.99	33.08
60.02	33.97
60.04	34.90
60.07	35.87
60.09	36.82
60.12	37.71
60.14	38.62
60.17	39.51
60.19	40.34
60.21	41.16
60.24	42.00
60.26	42.75
60.29	43.47
60.31	44.22
60.34	44.91
60.36	45.53
60.39	46.19
60.41	46.83
60.43	47.38
60.46	47.91
60.48	48.42
60.51	48.84
60.53	49.21
60.56	49.57
60.58	49.79
60.61	49.91
60.63	49.99
60.65	49.99
60.68	49.99
60.70	49.99
60.73	49.99
60.75	49.99
60.78	49.99
60.80	49.99
60.83	49.99
60.85	49.99
60.87	49.99
60.90	49.99
60.92	49.99
60.95	49.99
60.97	49.99
61.00	49.99
61.02	49.99
61.05	49.99
61.07	49.99
61.09	49.99
61.12	49.99
61.14	49.99
61.17	49.99
61.19	49.99
61.22	49.99
61.24	49.99
61.26	49.99
61.29	49.99
61.31	49.99
61.34	49.99
61.36	49.99
61.39	49.99
61.41	49.99
61.44	49.99
61.46	49.99
61.48	49.99
61.51	49.99
61.53	49.99
61.56	49.99
61.58	49.99
61.61	49.99
61.63	49.99
61.66	49.99
61.68	49.99
61.70	49.99
61.73	49.99
61.75	49.99
61.78	49.99
61.80	49.99
61.83	49.99
61.85	49.99
61.88	49.99
61.90	49.99
61.92	49.99
61.95	49.99
61.97	49.99
62.00	49.99
62.02	49.99
62.05	49.99
62.07	49.99
62.10	49.99
62.12	49.99
62.14	49.99
62.17	49.99
62.19	49.99
62.22	49.99
62.24	49.99
62.27	49.99
62.29	49.99
62.31	49.99
62.34	49.99
62.36	49.99
62.39	49.99
62.41	49.99
62.44	49.99
62.46	49.99
62.49	49.99
62.51	49.99
62.53	49.99
62.56	49.99
62.58	49.99
62.61	49.99
62.63	49.99
62.66	49.99
62.68	49.99
62.71	49.99
62.73	49.99
62.75	49.99
62.78	49.99
62.80	49.99
62.83	49.99
62.85	49.99
62.88	49.99
62.90	49.99
62.93	49.99
62.95	49.99
62.97	49.99
63.00	49.99
63.02	49.99
63.05	49.99
63.07	49.99
63.10	49.99
63.12	49.99
63.15	49.99
63.17	49.99
63.19	49.99
63.22	49.99
63.24	49.99
63.27	49.99
63.29	49.99
63.32	49.99
63.34	49.99
63.36	49.99
63.39	49.99
63.41	49.99
63.44	49.99
63.46	49.99
63.49	49.99
63.51	49.99
63.54	49.99
63.56	49.99
63.58	49.99
63.61	49.99
63.63	49.99
63.66	49.99
63.68	49.99
63.71	49.99
63.73	49.99
63.76	49.99
63.78	49.99
63.80	49.99
63.83	49.99
63.85	49.99
63.88	49.99
63.90	49.99
63.93	49.99
63.95	49.99
63.98	49.99
64.00	49.99
64.02	49.99
64.05	49.99
64.07	49.99
64.10	49.99
64.12	49.99
64.15	49.99
64.17	49.99
64.20	49.99
64.22	49.99
64.24	49.99
64.27	49.99
64.29	49.99
64.32	49.99
64.34	49.99
64.37	49.99
64.39	49.99
64.41	49.99
64.44	49.99
64.46	49.99
64.49	49.99
64.51	49.99
64.54	49.99
64.56	49.99
64.59	49.99
64.61	49.99
64.63	49.99
64.66	49.99
64.68	49.99
64.71	49.99
64.73	49.99
64.76	49.99
64.78	49.99
64.81	49.99
64.83	49.99
64.85	49.99
64.88	49.99
64.90	49.99
64.93	49.99
64.95	49.99
64.98	49.99
65.00	49.99
65.03	49.99
65.05	49.99
65.07	49.99
65.10	49.99
65.12	49.99
65.15	49.99
65.17	49.99
65.20	49.99
65.22	49.99
65.25	49.99
65.27	49.99
65.29	49.99
65.32	49.99
65.34	49.99
65.37	49.99
65.39	49.99
65.42	49.99
65.44	49.99
65.47	49.99
65.49	49.99
65.51	49.99
65.54	49.99
65.56	49.99
65.59	49.99
65.61	49.99
65.64	49.99
65.66	49.99
65.68	49.99
65.71	49.99
65.73	49.99
65.76	49.99
65.78	49.99
65.81	49.99
65.83	49.99
65.86	49.99
65.88	49.99
65.90	49.99
65.93	49.99
65.95	49.99
65.98	49.99
66.00	49.99
66.03	49.99
66.05	49.99
66.08	49.99
66.10	49.99
66.12	49.99
66.15	49.99
66.17	49.99
66.20	49.99
66.22	49.99
66.25	49.99
66.27	49.99
66.30	49.99
66.32	49.99
66.34	49.99
66.37	49.99
66.39	49.99
66.42	49.99
66.44	49.99
66.47	49.99
66.49	49.99
66.52	49.99
66.54	49.99
66.56	49.99
66.59	49.99
66.61	49.99
66.64	49.99
66.66	49.99
66.69	49.99
66.71	49.99
66.73	49.99
66.76	49.99
66.78	49.99
66.81	49.99
66.83	49.99
66.86	49.99
66.88	49.99
66.91	49.99
66.93	49.99
66.95	49.99
66.98	49.99
67.00	49.99
67.03	49.99
67.05	49.99
67.08	49.99
67.10	49.99
67.13	49.99
67.15	49.99
67.17	49.99
67.20	49.99
67.22	49.99
67.25	49.99
67.27	49.99
67.30	49.99
67.32	49.99
67.35	49.99
67.37	49.99
67.39	49.99
67.42	49.99
67.44	49.99
67.47	49.99
67.49	49.99
67.52	49.99
67.54	49.99
67.57	49.99
67.59	49.99
67.61	49.99
67.64	49.99
67.66	49.99
67.69	49.99
67.71	49.99
67.74	49.99
67.76	49.99
67.78	49.99
67.81	49.99
67.83	49.99
67.86	49.99
67.88	49.99
67.91	49.99
67.93	49.99
67.96	49.99
67.98	49.99
68.00	49.99
68.03	49.99
68.05	49.99
68.08	49.99
68.10	49.99
68.13	49.99
68.15	49.99
68.18	49.99
68.20	49.99
68.22	49.99
68.25	49.99
68.27	49.99
68.30	49.99
68.32	49.99
68.35	49.99
68.37	49.99
68.40	49.99
68.42	49.99
68.44	49.99
68.47	49.99
68.49	49.99
68.52	49.99
68.54	49.99
68.57	49.99
68.59	49.99
68.62	49.99
68.64	49.99
68.66	49.99
68.69	49.99
68.71	49.99
68.74	49.99
68.76	49.99
68.79	49.99
68.81	49.99
68.83	49.99
68.86	49.99
68.88	49.99
68.91	49.99
68.93	49.99
68.96	49.99
68.98	49.99
69.01	49.99
69.03	49.99
69.05	49.99
69.08	49.99
69.10	49.99
69.13	49.99
69.15	49.99
69.18	49.99
69.20	49.99
69.23	49.99
69.25	49.99
69.27	49.99
69.30	49.99
69.32	49.99
69.35	49.99
69.37	49.99
69.40	49.99
69.42	49.99
69.45	49.99
69.47	49.99
69.49	49.99
69.52	49.99
69.54	49.99
69.57	49.99
69.59	49.99
69.62	49.99
69.64	49.99
69.67	49.99
69.69	49.99
69.71	49.99
69.74	49.99
69.76	49.99
69.79	49.99
69.81	49.99
69.84	49.99
69.86	49.99
69.89	49.99
69.91	49.99
69.93	49.99
69.96	49.99
69.98	49.99
70.01	49.99
70.03	49.99
70.06	49.99
70.08	49.99
70.10	49.99
70.13	49.99
70.15	49.99
70.18	49.99
70.20	49.99
70.23	49.99
70.25	49.99
70.28	49.99
70.30	49.99
70.32	49.99
70.35	49.99
70.37	49.99
70.40	49.99
70.42	49.99
70.45	49.99
70.47	49.99
70.50	49.99
70.52	49.99
70.54	49.99
70.57	49.99
70.59	49.99
70.62	49.99
70.64	49.99
70.67	49.99
70.69	49.99
70.72	49.99
70.74	49.99
70.76	49.99
70.79	49.99
70.81	49.99
70.84	49.99
70.86	49.99
70.89	49.99
70.91	49.99
70.94	49.99
70.96	49.99
70.98	49.99
71.01	49.99
71.03	49.99
71.06	49.99
71.08	49.99
71.11	49.99
71.13	49.99
71.15	49.99
71.18	49.99
71.20	49.99
71.23	49.99
71.25	49.99
71.28	49.99
71.30	49.99
71.33	49.99
71.35	49.99
71.37	49.99
71.40	49.99
71.42	49.99
71.45	49.99
71.47	49.99
71.50	49.99
71.52	49.99
71.55	49.99
71.57	49.99
71.59	49.99
71.62	49.99
71.64	49.99
71.67	49.99
71.69	49.99
71.72	49.99
71.74	49.99
71.77	49.99
71.79	49.99
71.81	49.99
71.84	49.99
71.86	49.99
71.89	49.99
71.91	49.99
71.94	49.99
71.96	49.99
71.99	49.99
72.01	49.99
72.03	49.99
72.06	49.99
72.08	49.99
72.11	49.99
72.13	49.99
72.16	49.99
72.18	49.99
72.20	49.99
72.23	49.99
72.25	49.99
72.28	49.99
72.30	49.99
72.33	49.99
72.35	49.99
72.38	49.99
72.40	49.99
72.42	49.99
72.45	49.99
72.47	49.99
72.50	49.99
72.52	49.99
72.55	49.99
72.57	49.99
72.60	49.99
72.62	49.99
72.64	49.99
72.67	49.99
72.69	49.99
72.72	49.99
72.74	49.99
72.77	49.99
72.79	49.99
72.82	49.99
72.84	49.99
72.86	49.99
72.89	49.99
72.91	49.99
72.94	49.99
72.96	49.99
72.99	49.99
73.01	49.99
73.04	49.99
73.06	49.99
73.08	49.99
73.11	49.99
73.13	49.99
73.16	49.99
73.18	49.99
73.21	49.99
73.23	49.99
73.25	49.99
73.28	49.99
73.30	49.99
73.33	49.99
73.35	49.99
73.38	49.99
73.40	49.99
73.43	49.99
73.45	49.99
73.47	49.99
73.50	49.99
73.52	49.99
73.55	49.99
73.57	49.99
73.60	49.99
73.62	49.99
73.65	49.99
73.67	49.99
73.69	49.99
73.72	49.99
73.74	49.99
73.77	49.99
73.79	49.99
73.82	49.99
73.84	49.99
73.87	49.99
73.89	49.99
73.91	49.99
73.94	49.99
73.96	49.99
73.99	49.99
74.01	49.99
74.04	49.99
74.06	49.99
74.09	49.99
74.11	49.99
74.13	49.99
74.16	49.99
74.18	49.99
74.21	49.99
74.23	49.99
74.26	49.99
74.28	49.99
74.31	49.99
74.33	49.99
74.35	49.99
74.38	49.99
74.40	49.99
74.43	49.99
74.45	49.99
74.48	49.99
74.50	49.99
74.52	49.99
74.55	49.99
74.57	49.99
74.60	49.99
74.62	49.99
74.65	49.99
74.67	49.99
74.70	49.99
74.72	49.99
74.74	49.99
74.77	49.99
74.79	49.99
74.82	49.99
74.84	49.99
74.87	49.99
74.89	49.99
74.92	49.99
74.94	49.99
74.96	49.99
74.99	49.99
75.01	49.99
75.04	49.99
75.06	49.99
75.09	49.99
75.11	49.99
75.14	49.99
75.16	49.99
75.18	49.99
75.21	49.99
75.23	49.99
75.26	49.99
75.28	49.99
75.31	49.99
75.33	49.99
75.36	49.99
75.38	49.99
75.40	49.99
75.43	49.99
75.45	49.99
75.48	49.99
75.50	49.99
75.53	49.99
75.55	49.99
75.57	49.99
75.60	49.99
75.62	49.99
75.65	49.99
75.67	49.99
75.70	49.99
75.72	49.99
75.75	49.99
75.77	49.99
75.79	49.99
75.82	49.99
75.84	49.99
75.87	49.99
75.89	49.99
75.92	49.99
75.94	49.99
75.97	49.99
75.99	49.99
76.01	49.99
76.04	49.99
76.06	49.99
76.09	49.99
76.11	49.99
76.14	49.99
76.16	49.99
76.19	49.99
76.21	49.99
76.23	49.99
76.26	49.99
76.28	49.99
76.31	49.99
76.33	49.99
76.36	49.99
76.38	49.99
76.41	49.99
76.43	49.99
76.45	49.99
76.48	49.99
76.50	49.99
76.53	49.99
76.55	49.99
76.58	49.99
76.60	49.99
76.62	49.99
76.65	49.99
76.67	49.99
76.70	49.99
76.72	49.99
76.75	49.99
76.77	49.99
76.80	49.99
76.82	49.99
76.84	49.99
76.87	49.99
76.89	49.99
76.92	49.99
76.94	49.99
76.97	49.99
76.99	49.99
77.02	49.99
77.04	49.99
77.06	49.99
77.09	49.99
77.11	49.99
77.14	49.99
77.16	49.99
77.19	49.99
77.21	49.99
77.24	49.99
77.26	49.99
77.28	49.99
77.31	49.99
77.33	49.99
77.36	49.99
77.38	49.99
77.41	49.99
77.43	49.99
77.46	49.99
77.48	49.99
77.50	49.99
77.53	49.99
77.55	49.99
77.58	49.99
77.60	49.99
77.63	49.99
77.65	49.99
77.68	49.99
77.70	49.99
77.72	49.99
77.75	49.99
77.77	49.99
77.80	49.99
77.82	49.99
77.85	49.99
77.87	49.99
77.89	49.99
77.92	49.99
77.94	49.99
77.97	49.99
77.99	49.99
78.02	49.99
78.04	49.99
78.07	49.99
78.09	49.99
78.11	49.99
78.14	49.99
78.16	49.99
78.19	49.99
78.21	49.99
78.24	49.99
78.26	49.99
78.29	49.99
78.31	49.99
78.33	49.99
78.36	49.99
78.38	49.99
78.41	49.99
78.43	49.99
78.46	49.99
78.48	49.99
78.51	49.99
78.53	49.99
78.55	49.99
78.58	49.99
78.60	49.99
78.63	49.99
78.65	49.99
78.68	49.99
78.70	49.99
78.73	49.99
78.75	49.99
78.77	49.99
78.80	49.99
78.82	49.99
78.85	49.99
78.87	49.99
78.90	49.99
78.92	49.99
78.94	49.99
78.97	49.99
78.99	49.99
79.02	49.99
79.04	49.99
79.07	49.99
79.09	49.99
79.12	49.99
79.14	49.99
79.16	49.99
79.19	49.99
79.21	49.99
79.24	49.99
79.26	49.99
79.29	49.99
79.31	49.99
79.34	49.99
79.36	49.99
79.38	49.99
79.41	49.99
79.43	49.99
79.46	49.99
79.48	49.99
79.51	49.99
79.53	49.99
79.56	49.99
79.58	49.99
79.60	49.99
79.63	49.99
79.65	49.99
79.68	49.99
79.70	49.99
79.73	49.99
79.75	49.99
79.78	49.99
79.80	49.99
79.82	49.99
79.85	49.99
79.87	49.99
79.90	49.99
79.92	49.99
79.95	49.99
79.97	49.99
79.99	49.99
80.02	49.99
80.04	49.99
80.07	49.99
80.09	49.99
80.12	49.99
80.14	49.99
80.17	49.99
80.19	49.99
80.21	49.99
80.24	49.99
80.26	49.99
80.29	49.99
80.31	49.99
80.34	49.99
80.36	49.99
80.39	49.99
80.41	49.99
80.43	49.99
80.46	49.99
80.48	49.99
80.51	49.99
80.53	49.99
80.56	49.99
80.58	49.99
80.61	49.99
80.63	49.99
80.65	49.99
80.68	49.99
80.70	49.99
80.73	49.99
80.75	49.99
80.78	49.99
80.80	49.99
80.83	49.99
80.85	49.99
80.87	49.99
80.90	49.99
80.92	49.99
80.95	49.99
80.97	49.99
81.00	49.99
81.02	49.99
81.04	49.99
81.07	49.99
81.09	49.99
81.12	49.99
81.14	49.99
81.17	49.99
81.19	49.99
81.22	49.99
81.24	49.99
81.26	49.99
81.29	49.99
81.31	49.99
81.34	49.99
81.36	49.99
81.39	49.99
81.41	49.99
81.44	49.99
81.46	49.99
81.48	49.99
81.51	49.99
81.53	49.99
81.56	49.99
81.58	49.99
81.61	49.99
81.63	49.99
81.66	49.99
81.68	49.99
81.70	49.99
81.73	49.99
81.75	49.99
81.78	49.99
81.80	49.99
81.83	49.99
81.85	49.99
81.88	49.99
81.90	49.99
81.92	49.99
81.95	49.99
81.97	49.99
82.00	49.99
82.02	49.99
82.05	49.99
82.07	49.99
82.10	49.99
82.12	49.99
82.14	49.99
82.17	49.99
82.19	49.99
82.22	49.99
82.24	49.99
82.27	49.99
82.29	49.99
82.31	49.99
82.34	49.99
82.36	49.99
82.39	49.99
82.41	49.99
82.44	49.99
82.46	49.99
82.49	49.99
82.51	49.99
82.53	49.99
82.56	49.99
82.58	49.99
82.61	49.99
82.63	49.99
82.66	49.99
82.68	49.99
82.71	49.99
82.73	49.99
82.75	49.99
82.78	49.99
82.80	49.99
82.83	49.99
82.85	49.99
82.88	49.99
82.90	49.99
82.93	49.99
82.95	49.99
82.97	49.99
83.00	49.99
83.02	49.99
83.05	49.99
83.07	49.99
83.10	49.99
83.12	49.99
83.15	49.99
83.17	49.99
83.19	49.99
83.22	49.99
83.24	49.99
83.27	49.99
83.29	49.99
83.32	49.99
83.34	49.99
83.36	49.99
83.39	49.99
83.41	49.99
83.44	49.99
83.46	49.99
83.49	49.99
83.51	49.99
83.54	49.99
83.56	49.99
83.58	49.99
83.61	49.99
83.63	49.99
83.66	49.99
83.68	49.99
83.71	49.99
83.73	49.99
83.76	49.99
83.78	49.99
83.80	49.99
83.83	49.99
83.85	49.99
83.88	49.99
83.90	49.99
83.93	49.99
83.95	49.99
83.98	49.99
84.00	49.99
84.02	49.99
84.05	49.99
84.07	49.99
84.10	49.99
84.12	49.99
84.15	49.99
84.17	49.99
84.20	49.99
84.22	49.99
84.24	49.99
84.27	49.99
84.29	49.99
84.32	49.99
84.34	49.99
84.37	49.99
84.39	49.99
84.41	49.99
84.44	49.99
84.46	49.99
84.49	49.99
84.51	49.99
84.54	49.99
84.56	49.99
84.59	49.99
84.61	49.99
84.63	49.99
84.66	49.99
84.68	49.99
84.71	49.99
84.73	49.99
84.76	49.99
84.78	49.99
84.81	49.99
84.83	49.99
84.85	49.99
84.88	49.99
84.90	49.99
84.93	49.99
84.95	49.99
84.98	49.99
85.00	49.99
85.03	49.99
85.05	49.99
85.07	49.99
85.10	49.99
85.12	49.99
85.15	49.99
85.17	49.99
85.20	49.99
85.22	49.99
85.25	49.99
85.27	49.99
85.29	49.99
85.32	49.99
85.34	49.99
85.37	49.99
85.39	49.99
85.42	49.99
85.44	49.99
85.47	49.99
85.49	49.99
85.51	49.99
85.54	49.99
85.56	49.99
85.59	49.99
85.61	49.99
85.64	49.99
85.66	49.99
85.68	49.99
85.71	49.99
85.73	49.99
85.76	49.99
85.78	49.99
85.81	49.99
85.83	49.99
85.86	49.99
85.88	49.99
85.90	49.99
85.93	49.99
85.95	49.99
85.98	49.99
86.00	49.99
86.03	49.99
86.05	49.99
86.08	49.99
86.10	49.99
86.12	49.99
86.15	49.99
86.17	49.99
86.20	49.99
86.22	49.99
86.25	49.99
86.27	49.99
86.30	49.99
86.32	49.99
86.34	49.99
86.37	49.99
86.39	49.99
86.42	49.99
86.44	49.99
86.47	49.99
86.49	49.99
86.52	49.99
86.54	49.99
86.56	49.99
86.59	49.99
86.61	49.99
86.64	49.99
86.66	49.99
86.69	49.99
86.71	49.99
86.73	49.99
86.76	49.99
86.78	49.99
86.81	49.99
86.83	49.99
86.86	49.99
86.88	49.99
86.91	49.99
86.93	49.99
86.95	49.99
86.98	49.99
87.00	49.99
87.03	49.99
87.05	49.99
87.08	49.99
87.10	49.99
87.13	49.99
87.15	49.99
87.17	49.99
87.20	49.99
87.22	49.99
87.25	49.99
87.27	49.99
87.30	49.99
87.32	49.99
87.35	49.99
87.37	49.99
87.39	49.99
87.42	49.99
87.44	49.99
87.47	49.99
87.49	49.99
87.52	49.99
87.54	49.99
87.57	49.99
87.59	49.99
87.61	49.99
87.64	49.99
87.66	49.99
87.69	49.99
87.71	49.99
87.74	49.99
87.76	49.99
87.78	49.99
87.81	49.99
87.83	49.99
87.86	49.99
87.88	49.99
87.91	49.99
87.93	49.99
87.96	49.99
87.98	49.99
88.00	49.99
88.03	49.99
88.05	49.99
88.08	49.99
88.10	49.99
88.13	49.99
88.15	49.99
88.18	49.99
88.20	49.99
88.22	49.99
88.25	49.99
88.27	49.99
88.30	49.99
88.32	49.99
88.35	49.99
88.37	49.99
88.40	49.99
88.42	49.99
88.44	49.99
88.47	49.99
88.49	49.99
88.52	49.99
88.54	49.99
88.57	49.99
88.59	49.99
88.62	49.99
88.64	49.99
88.66	49.99
88.69	49.99
88.71	49.99
88.74	49.99
88.76	49.99
88.79	49.99
88.81	49.99
88.83	49.99
88.86	49.99
88.88	49.99
88.91	49.99
88.93	49.99
88.96	49.99
88.98	49.99
89.01	49.99
89.03	49.99
89.05	49.99
89.08	49.99
89.10	49.99
89.13	49.99
89.15	49.99
89.18	49.99
89.20	49.99
89.23	49.99
89.25	49.99
89.27	49.99
89.30	49.99
89.32	49.99
89.35	49.99
89.37	49.99
89.40	49.99
89.42	49.99
89.45	49.99
89.47	49.99
89.49	49.99
89.52	49.99
89.54	49.99
89.57	49.99
89.59	49.99
89.62	49.99
89.64	49.99
89.67	49.99
89.69	49.99
89.71	49.99
89.74	49.99
89.76	49.99
89.79	49.99
89.81	49.99
89.84	49.99
89.86	49.99
89.89	49.99
89.91	49.99
89.93	49.99
89.96	49.99
89.98	49.99
90.01	49.99
90.03	49.99
90.06	49.99
90.08	49.99
90.10	49.99
90.13	49.99
90.15	49.99
90.18	49.99
90.20	49.99
90.23	49.99
90.25	49.99
90.28	49.99
90.30	49.99
90.32	49.99
90.35	49.99
90.37	49.99
90.40	49.99
90.42	49.99
90.45	49.99
90.47	49.99
90.50	49.99
90.52	49.99
90.54	49.99
90.57	49.99
90.59	49.99
90.62	49.99
90.64	49.99
90.67	49.99
90.69	49.99
90.72	49.99
90.74	49.99
90.76	49.99
90.79	49.99
90.81	49.99
90.84	49.99
90.86	49.99
90.89	49.99
90.91	49.99
90.94	49.99
90.96	49.99
90.98	49.99
91.01	49.99
91.03	49.99
91.06	49.99
91.08	49.99
91.11	49.99
91.13	49.99
91.15	49.99
91.18	49.99
91.20	49.99
91.23	49.99
91.25	49.99
91.28	49.99
91.30	49.99
91.33	49.99
91.35	49.99
91.37	49.99
91.40	49.99
91.42	49.99
91.45	49.99
91.47	49.99
91.50	49.99
91.52	49.99
91.55	49.99
91.57	49.99
91.59	49.99
91.62	49.99
91.64	49.99
91.67	49.99
91.69	49.99
91.72	49.99
91.74	49.99
91.77	49.99
91.79	49.99
91.81	49.99
91.84	49.99
91.86	49.99
91.89	49.99
91.91	49.99
91.94	49.99
91.96	49.99
91.99	49.99
92.01	49.99
92.03	49.99
92.06	49.99
92.08	49.99
92.11	49.99
92.13	49.99
92.16	49.99
92.18	49.99
92.20	49.99
92.23	49.99
92.25	49.99
92.28	49.99
92.30	49.99
92.33	49.99
92.35	49.99
92.38	49.99
92.40	49.99
92.42	49.99
92.45	49.99
92.47	49.99
92.50	49.99
92.52	49.99
92.55	49.99
92.57	49.99
92.60	49.99
92.62	49.99
92.64	49.99
92.67	49.99
92.69	49.99
92.72	49.99
92.74	49.99
92.77	49.99
92.79	49.99
92.82	49.99
92.84	49.99
92.86	49.99
92.89	49.99
92.91	49.99
92.94	49.99
92.96	49.99
92.99	49.99
93.01	49.99
93.04	49.99
93.06	49.99
93.08	49.99
93.11	49.99
93.13	49.99
93.16	49.99
93.18	49.99
93.21	49.99
93.23	49.99
93.25	49.99
93.28	49.99
93.30	49.99
93.33	49.99
93.35	49.99
93.38	49.99
93.40	49.99
93.43	49.99
93.45	49.99
93.47	49.99
93.50	49.99
93.52	49.99
93.55	49.99
93.57	49.99
93.60	49.99
93.62	49.99
93.65	49.99
93.67	49.99
93.69	49.99
93.72	49.99
93.74	49.99
93.77	49.99
93.79	49.99
93.82	49.99
93.84	49.99
93.87	49.99
93.89	49.99
93.91	49.99
93.94	49.99
93.96	49.99
93.99	49.99
94.01	49.99
94.04	49.99
94.06	49.99
94.09	49.99
94.11	49.99
94.13	49.99
94.16	49.99
94.18	49.99
