#U1/V	IA/nA
0.02	0.39
0.04	0.37
0.07	0.35
0.09	0.35
0.12	0.33
0.14	0.31
0.17	0.30
0.19	0.29
0.21	0.27
0.24	0.25
0.26	0.25
0.29	0.23
0.31	0.21
0.34	0.21
0.36	0.19
0.39	0.19
0.41	0.21
0.43	0.19
0.46	0.19
0.48	0.20
0.51	0.20
0.53	0.19
0.56	0.19
0.58	0.22
0.61	0.20
0.63	0.20
0.65	0.22
0.68	0.20
0.70	0.20
0.73	0.21
0.75	0.21
0.78	0.20
0.80	0.21
0.83	0.22
0.85	0.20
0.87	0.20
0.90	0.23
0.92	0.21
0.95	0.21
0.97	0.22
1.00	0.21
1.02	0.21
1.05	0.21
1.07	0.22
1.09	0.21
1.12	0.21
1.14	0.23
1.17	0.21
1.19	0.21
1.22	0.23
1.24	0.20
1.26	0.20
1.29	0.21
1.31	0.21
1.34	0.20
1.36	0.20
1.39	0.22
1.41	0.20
1.44	0.20
1.46	0.23
1.48	0.20
1.51	0.20
1.53	0.22
1.56	0.20
1.58	0.20
1.61	0.21
1.63	0.21
1.66	0.20
1.68	0.20
1.70	0.22
1.73	0.20
1.75	0.20
1.78	0.22
1.80	0.20
1.83	0.20
1.85	0.21
1.88	0.20
1.90	0.20
1.92	0.20
1.95	0.21
1.97	0.20
2.00	0.20
2.02	0.22
2.05	0.19
2.07	0.19
2.10	0.21
2.12	0.20
2.14	0.20
2.17	0.22
2.19	0.20
2.22	0.19
2.24	0.22
2.27	0.21
2.29	0.19
2.31	0.22
2.34	0.22
2.36	0.19
2.39	0.20
2.41	0.21
2.44	0.19
2.46	0.19
2.49	0.21
2.51	0.20
2.53	0.19
2.56	0.21
2.58	0.21
2.61	0.19
2.63	0.21
2.66	0.22
2.68	0.19
2.71	0.20
2.73	0.21
2.75	0.20
2.78	0.19
2.80	0.21
2.83	0.20
2.85	0.20
2.88	0.22
2.90	0.19
2.93	0.19
2.95	0.20
2.97	0.20
3.00	0.20
3.02	0.20
3.05	0.21
3.07	0.19
3.10	0.19
3.12	0.22
3.15	0.20
3.17	0.20
3.19	0.21
3.22	0.20
3.24	0.19
3.27	0.20
3.29	0.20
3.32	0.19
3.34	0.19
3.36	0.21
3.39	0.20
3.41	0.20
3.44	0.22
3.46	0.19
3.49	0.19
3.51	0.20
3.54	0.19
3.56	0.19
3.58	0.19
3.61	0.20
3.63	0.19
3.66	0.19
3.68	0.21
3.71	0.19
3.73	0.19
3.76	0.21
3.78	0.19
3.80	0.19
3.83	0.20
3.85	0.20
3.88	0.19
3.90	0.19
3.93	0.21
3.95	0.19
3.98	0.19
4.00	0.21
4.02	0.19
4.05	0.19
4.07	0.20
4.10	0.19
4.12	0.19
4.15	0.19
4.17	0.20
4.20	0.19
4.22	0.19
4.24	0.21
4.27	0.19
4.29	0.19
4.32	0.21
4.34	0.19
4.37	0.19
4.39	0.20
4.42	0.20
4.44	0.20
4.46	0.20
4.49	0.21
4.51	0.19
4.54	0.19
4.56	0.22
4.59	0.19
4.61	0.21
4.63	0.21
4.66	0.19
4.68	0.19
4.71	0.21
4.73	0.20
4.76	0.19
4.78	0.21
4.81	0.21
4.83	0.20
4.85	0.21
4.88	0.21
4.90	0.19
4.93	0.19
4.95	0.21
4.98	0.19
5.00	0.18
5.03	0.21
5.05	0.20
5.07	0.18
5.10	0.21
5.12	0.21
5.15	0.18
5.17	0.19
5.20	0.20
5.22	0.18
5.25	0.18
5.27	0.19
5.29	0.18
5.32	0.18
5.34	0.21
5.37	0.19
5.39	0.19
5.42	0.20
5.44	0.18
5.47	0.18
5.49	0.19
5.51	0.19
5.54	0.19
5.56	0.19
5.59	0.21
5.61	0.20
5.64	0.20
5.66	0.22
5.68	0.19
5.71	0.19
5.73	0.21
5.76	0.19
5.78	0.19
5.81	0.20
5.83	0.21
5.86	0.19
5.88	0.19
5.90	0.22
5.93	0.20
5.95	0.20
5.98	0.22
6.00	0.20
6.03	0.20
6.05	0.20
6.08	0.20
6.10	0.19
6.12	0.19
6.15	0.21
6.17	0.19
6.20	0.19
6.22	0.21
6.25	0.19
6.27	0.19
6.30	0.20
6.32	0.19
6.34	0.19
6.37	0.19
6.39	0.19
6.42	0.18
6.44	0.18
6.47	0.21
6.49	0.19
6.52	0.19
6.54	0.20
6.56	0.18
6.59	0.18
6.61	0.19
6.64	0.19
6.66	0.18
6.69	0.18
6.71	0.20
6.73	0.18
6.76	0.18
6.78	0.21
6.81	0.18
6.83	0.18
6.86	0.20
6.88	0.18
6.91	0.18
6.93	0.19
6.95	0.19
6.98	0.18
7.00	0.18
7.03	0.19
7.05	0.18
7.08	0.19
7.10	0.20
7.13	0.17
7.15	0.18
7.17	0.19
7.20	0.18
7.22	0.18
7.25	0.20
7.27	0.19
7.30	0.18
7.32	0.20
7.35	0.20
7.37	0.18
7.39	0.19
7.42	0.21
7.44	0.18
7.47	0.19
7.49	0.20
7.52	0.19
7.54	0.18
7.57	0.21
7.59	0.20
7.61	0.18
7.64	0.20
7.66	0.20
7.69	0.19
7.71	0.20
7.74	0.20
7.76	0.20
7.78	0.20
7.81	0.21
7.83	0.20
7.86	0.20
7.88	0.22
7.91	0.20
7.93	0.20
7.96	0.21
7.98	0.20
8.00	0.20
8.03	0.20
8.05	0.20
8.08	0.19
8.10	0.19
8.13	0.21
8.15	0.19
8.18	0.19
8.20	0.21
8.22	0.19
8.25	0.19
8.27	0.20
8.30	0.19
8.32	0.19
8.35	0.19
8.37	0.20
8.40	0.19
8.42	0.19
8.44	0.21
8.47	0.19
8.49	0.19
8.52	0.20
8.54	0.19
8.57	0.19
8.59	0.19
8.62	0.20
8.64	0.19
8.66	0.19
8.69	0.20
8.71	0.19
8.74	0.19
8.76	0.21
8.79	0.18
8.81	0.18
8.84	0.19
8.86	0.19
8.88	0.19
8.91	0.19
8.93	0.20
8.96	0.19
8.98	0.19
9.01	0.21
9.03	0.18
9.05	0.18
9.08	0.20
9.10	0.18
9.13	0.18
9.15	0.19
9.18	0.19
9.20	0.18
9.23	0.18
9.25	0.20
9.27	0.18
9.30	0.18
9.32	0.20
9.35	0.18
9.37	0.18
9.40	0.19
9.42	0.18
9.45	0.18
9.47	0.20
9.49	0.19
9.52	0.18
9.54	0.20
9.57	0.20
9.59	0.18
9.62	0.19
9.64	0.20
9.67	0.18
9.69	0.18
9.71	0.20
9.74	0.18
9.76	0.18
9.79	0.20
9.81	0.20
9.84	0.18
9.86	0.20
9.89	0.20
9.91	0.18
9.93	0.19
9.96	0.20
9.98	0.18
10.01	0.18
10.03	0.20
10.06	0.19
10.08	0.18
10.10	0.20
10.13	0.18
10.15	0.18
10.18	0.19
10.20	0.17
10.23	0.18
10.25	0.18
10.28	0.18
10.30	0.17
10.32	0.17
10.35	0.19
10.37	0.18
10.40	0.18
10.42	0.19
10.45	0.17
10.47	0.17
10.50	0.18
10.52	0.17
10.54	0.17
10.57	0.17
10.59	0.18
10.62	0.17
10.64	0.17
10.67	0.19
10.69	0.17
10.72	0.17
10.74	0.18
10.76	0.17
10.79	0.17
10.81	0.17
10.84	0.17
10.86	0.17
10.89	0.17
10.91	0.19
10.94	0.17
10.96	0.17
10.98	0.19
11.01	0.17
11.03	0.17
11.06	0.18
11.08	0.17
11.11	0.17
11.13	0.17
11.15	0.18
11.18	0.17
11.20	0.17
11.23	0.19
11.25	0.18
11.28	0.18
11.30	0.19
11.33	0.17
11.35	0.17
11.37	0.18
11.40	0.17
11.42	0.17
11.45	0.17
11.47	0.19
11.50	0.17
11.52	0.17
11.55	0.19
11.57	0.17
11.59	0.17
11.62	0.18
11.64	0.17
11.67	0.17
11.69	0.17
11.72	0.18
11.74	0.17
11.77	0.17
11.79	0.19
11.81	0.17
11.84	0.17
11.86	0.19
11.89	0.17
11.91	0.17
11.94	0.18
11.96	0.17
11.99	0.17
12.01	0.19
12.03	0.18
12.06	0.17
12.08	0.19
12.11	0.19
12.13	0.17
12.16	0.17
12.18	0.18
12.21	0.17
12.23	0.17
12.25	0.18
12.28	0.17
12.30	0.16
12.33	0.18
12.35	0.18
12.38	0.17
12.40	0.18
12.42	0.19
12.45	0.16
12.47	0.17
12.50	0.18
12.52	0.17
12.55	0.16
12.57	0.19
12.60	0.17
12.62	0.17
12.64	0.19
12.67	0.17
12.69	0.17
12.72	0.18
12.74	0.17
12.77	0.17
12.79	0.17
12.82	0.17
12.84	0.17
12.86	0.16
12.89	0.19
12.91	0.17
12.94	0.17
12.96	0.19
12.99	0.17
13.01	0.17
13.04	0.18
13.06	0.17
13.08	0.17
13.11	0.17
13.13	0.18
13.16	0.17
13.18	0.17
13.21	0.19
13.23	0.17
13.26	0.17
13.28	0.17
13.30	0.16
13.33	0.16
13.35	0.17
13.38	0.17
13.40	0.16
13.43	0.16
13.45	0.18
13.47	0.17
13.50	0.17
13.52	0.18
13.55	0.17
13.57	0.17
13.60	0.17
13.62	0.17
13.65	0.16
13.67	0.16
13.69	0.18
13.72	0.16
13.74	0.16
13.77	0.18
13.79	0.16
13.82	0.16
13.84	0.17
13.87	0.16
13.89	0.16
13.91	0.16
13.94	0.17
13.96	0.16
13.99	0.16
14.01	0.18
14.04	0.16
14.06	0.16
14.09	0.18
14.11	0.16
14.13	0.16
14.16	0.17
14.18	0.17
14.21	0.16
14.23	0.16
14.26	0.18
14.28	0.16
14.31	0.16
14.33	0.19
14.35	0.16
14.38	0.17
14.40	0.18
14.43	0.16
14.45	0.16
14.48	0.18
14.50	0.18
14.52	0.16
14.55	0.18
14.57	0.18
14.60	0.17
14.62	0.17
14.65	0.17
14.67	0.15
14.70	0.16
14.72	0.17
14.74	0.16
14.77	0.15
14.79	0.17
14.82	0.17
14.84	0.15
14.87	0.17
14.89	0.17
14.92	0.15
14.94	0.16
14.96	0.17
14.99	0.15
15.01	0.15
15.04	0.16
15.06	0.15
15.09	0.15
15.11	0.17
15.14	0.15
15.16	0.15
15.18	0.16
15.21	0.15
15.23	0.15
15.26	0.16
15.28	0.17
15.31	0.16
15.33	0.16
15.36	0.18
15.38	0.16
15.40	0.16
15.43	0.19
15.45	0.16
15.48	0.16
15.50	0.17
15.53	0.16
15.55	0.16
15.57	0.17
15.60	0.17
15.62	0.16
15.65	0.16
15.67	0.18
15.70	0.17
15.72	0.17
15.75	0.18
15.77	0.16
15.79	0.16
15.82	0.17
15.84	0.17
15.87	0.17
15.89	0.17
15.92	0.18
15.94	0.17
15.97	0.17
15.99	0.19
16.01	0.17
16.04	0.17
16.06	0.18
16.09	0.18
16.11	0.18
16.14	0.18
16.16	0.19
16.19	0.18
16.21	0.18
16.23	0.19
16.26	0.18
16.28	0.18
16.31	0.19
16.33	0.17
16.36	0.17
16.38	0.18
16.41	0.18
16.43	0.17
16.45	0.17
16.48	0.18
16.50	0.17
16.53	0.17
16.55	0.19
16.58	0.17
16.60	0.17
16.63	0.19
16.65	0.17
16.67	0.17
16.70	0.17
16.72	0.18
16.75	0.16
16.77	0.16
16.80	0.17
16.82	0.15
16.84	0.17
16.87	0.17
16.89	0.15
16.92	0.15
16.94	0.16
16.97	0.15
16.99	0.15
17.02	0.17
17.04	0.16
17.06	0.15
17.09	0.17
17.11	0.17
17.14	0.15
17.16	0.16
17.19	0.17
17.21	0.14
17.24	0.15
17.26	0.16
17.28	0.15
17.31	0.14
17.33	0.17
17.36	0.16
17.38	0.15
17.41	0.16
17.43	0.17
17.46	0.16
17.48	0.16
17.50	0.16
17.53	0.16
17.55	0.16
17.58	0.18
17.60	0.17
17.63	0.17
17.65	0.18
17.68	0.16
17.70	0.16
17.72	0.18
17.75	0.17
17.77	0.17
17.80	0.17
17.82	0.17
17.85	0.17
17.87	0.17
17.89	0.18
17.92	0.17
17.94	0.17
17.97	0.18
17.99	0.16
18.02	0.16
18.04	0.17
18.07	0.17
18.09	0.17
18.11	0.17
18.14	0.18
18.16	0.16
18.19	0.16
18.21	0.18
18.24	0.16
18.26	0.16
18.29	0.18
18.31	0.17
18.33	0.17
18.36	0.17
18.38	0.17
18.41	0.16
18.43	0.16
18.46	0.18
18.48	0.17
18.51	0.17
18.53	0.18
18.55	0.16
18.58	0.16
18.60	0.17
18.63	0.16
18.65	0.16
18.68	0.16
18.70	0.18
18.73	0.16
18.75	0.16
18.77	0.18
18.80	0.16
18.82	0.16
18.85	0.18
18.87	0.16
18.90	0.16
18.92	0.16
18.94	0.17
18.97	0.16
18.99	0.16
19.02	0.18
19.04	0.16
19.07	0.16
19.09	0.18
19.12	0.16
19.14	0.16
19.16	0.17
19.19	0.17
19.21	0.17
19.24	0.18
19.26	0.17
19.29	0.16
19.31	0.18
19.34	0.18
19.36	0.16
19.38	0.17
19.41	0.18
19.43	0.16
19.46	0.16
19.48	0.18
19.51	0.17
19.53	0.16
19.56	0.18
19.58	0.17
19.60	0.16
19.63	0.18
19.65	0.18
19.68	0.16
19.70	0.17
19.73	0.18
19.75	0.16
19.78	0.16
19.80	0.18
19.82	0.17
19.85	0.16
19.87	0.17
19.90	0.16
19.92	0.16
19.95	0.17
19.97	0.16
19.99	0.16
20.02	0.16
20.04	0.16
20.07	0.16
20.09	0.16
20.12	0.18
20.14	0.16
20.17	0.16
20.19	0.18
20.21	0.16
20.24	0.16
20.26	0.17
20.29	0.16
20.31	0.16
20.34	0.16
20.36	0.17
20.39	0.16
20.41	0.16
20.43	0.19
20.46	0.17
20.48	0.17
20.51	0.18
20.53	0.17
20.56	0.17
20.58	0.17
20.61	0.17
20.63	0.16
20.65	0.16
20.68	0.18
20.70	0.17
20.73	0.17
20.75	0.18
20.78	0.16
20.80	0.16
20.83	0.17
20.85	0.16
20.87	0.16
20.90	0.16
20.92	0.18
20.95	0.16
20.97	0.16
21.00	0.18
21.02	0.16
21.05	0.16
21.07	0.18
21.09	0.16
21.12	0.16
21.14	0.16
21.17	0.17
21.19	0.16
21.22	0.16
21.24	0.18
21.26	0.17
21.29	0.17
21.31	0.18
21.34	0.16
21.36	0.16
21.39	0.17
21.41	0.17
21.44	0.17
21.46	0.17
21.48	0.17
21.51	0.17
21.53	0.17
21.56	0.19
21.58	0.17
21.61	0.17
21.63	0.18
21.66	0.17
21.68	0.17
21.70	0.19
21.73	0.18
21.75	0.17
21.78	0.19
21.80	0.19
21.83	0.17
21.85	0.19
21.88	0.19
21.90	0.17
21.92	0.17
21.95	0.19
21.97	0.17
22.00	0.17
22.02	0.19
22.05	0.18
22.07	0.17
22.10	0.19
22.12	0.19
22.14	0.17
22.17	0.19
22.19	0.19
22.22	0.17
22.24	0.17
22.27	0.19
22.29	0.17
22.31	0.17
22.34	0.19
22.36	0.17
22.39	0.17
22.41	0.19
22.44	0.18
22.46	0.18
22.49	0.18
22.51	0.18
22.53	0.18
22.56	0.18
22.58	0.19
22.61	0.18
22.63	0.18
22.66	0.20
22.68	0.18
22.71	0.18
22.73	0.20
22.75	0.18
22.78	0.18
22.80	0.19
22.83	0.20
22.85	0.19
22.88	0.19
22.90	0.21
22.93	0.19
22.95	0.19
22.97	0.21
23.00	0.19
23.02	0.19
23.05	0.20
23.07	0.19
23.10	0.19
23.12	0.19
23.15	0.21
23.17	0.19
23.19	0.19
23.22	0.24
23.24	0.22
23.27	0.22
23.29	0.24
23.32	0.22
23.34	0.22
23.36	0.23
23.39	0.23
23.41	0.22
23.44	0.22
23.46	0.25
23.49	0.22
23.51	0.22
23.54	0.25
23.56	0.22
23.58	0.22
23.61	0.23
23.63	0.23
23.66	0.23
23.68	0.23
23.71	0.23
23.73	0.22
23.76	0.22
23.78	0.24
23.80	0.22
23.83	0.22
23.85	0.24
23.88	0.20
23.90	0.20
23.93	0.21
23.95	0.21
23.98	0.20
24.00	0.20
24.02	0.22
24.05	0.21
24.07	0.21
24.10	0.23
24.12	0.20
24.15	0.21
24.17	0.23
24.20	0.20
24.22	0.20
24.24	0.23
24.27	0.22
24.29	0.20
24.32	0.23
24.34	0.23
24.37	0.21
24.39	0.23
24.42	0.24
24.44	0.21
24.46	0.22
24.49	0.24
24.51	0.22
24.54	0.21
24.56	0.24
24.59	0.24
24.61	0.22
24.63	0.24
24.66	0.24
24.68	0.22
24.71	0.23
24.73	0.25
24.76	0.23
24.78	0.23
24.81	0.24
24.83	0.23
24.85	0.23
24.88	0.25
24.90	0.23
24.93	0.23
24.95	0.25
24.98	0.23
25.00	0.23
25.03	0.24
25.05	0.25
25.07	0.24
25.10	0.24
25.12	0.26
25.15	0.24
25.17	0.24
25.20	0.27
25.22	0.24
25.25	0.24
25.27	0.25
25.29	0.24
25.32	0.24
25.34	0.24
25.37	0.26
25.39	0.24
25.42	0.24
25.44	0.27
25.47	0.24
25.49	0.24
25.51	0.26
25.54	0.25
25.56	0.25
25.59	0.26
25.61	0.26
25.64	0.24
25.66	0.25
25.68	0.26
25.71	0.24
25.73	0.24
25.76	0.27
25.78	0.24
25.81	0.24
25.83	0.26
25.86	0.25
25.88	0.25
25.90	0.25
25.93	0.26
25.95	0.24
25.98	0.24
26.00	0.27
26.03	0.24
26.05	0.24
26.08	0.26
26.10	0.24
26.12	0.24
26.15	0.25
26.17	0.25
26.20	0.25
26.22	0.24
26.25	0.26
26.27	0.24
26.30	0.24
26.32	0.27
26.34	0.24
26.37	0.24
26.39	0.25
26.42	0.24
26.44	0.24
26.47	0.24
26.49	0.25
26.52	0.23
26.54	0.23
26.56	0.25
26.59	0.22
26.61	0.24
26.64	0.26
26.66	0.23
26.69	0.24
26.71	0.26
26.73	0.24
26.76	0.23
26.78	0.26
26.81	0.25
26.83	0.23
26.86	0.25
26.88	0.26
26.91	0.23
26.93	0.24
26.95	0.26
26.98	0.24
27.00	0.24
27.03	0.26
27.05	0.25
27.08	0.23
27.10	0.26
27.13	0.26
27.15	0.23
27.17	0.26
27.20	0.27
27.22	0.25
27.25	0.26
27.27	0.26
27.30	0.25
27.32	0.25
27.35	0.27
27.37	0.25
27.39	0.25
27.42	0.27
27.44	0.25
27.47	0.25
27.49	0.27
27.52	0.26
27.54	0.25
27.57	0.25
27.59	0.27
27.61	0.25
27.64	0.25
27.66	0.28
27.69	0.25
27.71	0.25
27.74	0.27
27.76	0.26
27.78	0.26
27.81	0.27
27.83	0.27
27.86	0.26
27.88	0.26
27.91	0.28
27.93	0.26
27.96	0.26
27.98	0.29
28.00	0.26
28.03	0.26
28.05	0.28
28.08	0.27
28.10	0.27
28.13	0.28
28.15	0.29
28.18	0.27
28.20	0.27
28.22	0.30
28.25	0.27
28.27	0.27
28.30	0.30
28.32	0.28
28.35	0.28
28.37	0.30
28.40	0.30
28.42	0.28
28.44	0.28
28.47	0.31
28.49	0.28
28.52	0.28
28.54	0.31
28.57	0.29
28.59	0.29
28.62	0.31
28.64	0.30
28.66	0.30
28.69	0.30
28.71	0.31
28.74	0.29
28.76	0.29
28.79	0.32
28.81	0.29
28.84	0.29
28.86	0.32
28.88	0.30
28.91	0.30
28.93	0.32
28.96	0.32
28.98	0.30
29.01	0.33
29.03	0.32
29.05	0.29
29.08	0.32
29.10	0.33
29.13	0.30
29.15	0.32
29.18	0.34
29.20	0.31
29.23	0.31
29.25	0.34
29.27	0.32
29.30	0.30
29.32	0.34
29.35	0.33
29.37	0.30
29.40	0.33
29.42	0.35
29.45	0.31
29.47	0.33
29.49	0.36
29.52	0.34
29.54	0.32
29.57	0.36
29.59	0.35
29.62	0.32
29.64	0.35
29.67	0.33
29.69	0.33
29.71	0.35
29.74	0.35
29.76	0.34
29.79	0.35
29.81	0.36
29.84	0.34
29.86	0.34
29.89	0.37
29.91	0.34
29.93	0.34
29.96	0.37
29.98	0.35
30.01	0.35
30.03	0.37
30.06	0.38
30.08	0.36
30.10	0.36
30.13	0.38
30.15	0.36
30.18	0.36
30.20	0.39
30.23	0.37
30.25	0.37
30.28	0.39
30.30	0.39
30.32	0.38
30.35	0.39
30.37	0.41
30.40	0.39
30.42	0.39
30.45	0.41
30.47	0.41
30.50	0.41
30.52	0.44
30.54	0.43
30.57	0.43
30.59	0.45
30.62	0.46
30.64	0.44
30.67	0.44
30.69	0.47
30.72	0.43
30.74	0.43
30.76	0.47
30.79	0.45
30.81	0.45
30.84	0.48
30.86	0.48
30.89	0.46
30.91	0.47
30.94	0.49
30.96	0.46
30.98	0.46
31.01	0.49
31.03	0.46
31.06	0.46
31.08	0.47
31.11	0.46
31.13	0.44
31.15	0.46
31.18	0.46
31.20	0.43
31.23	0.43
31.25	0.46
31.28	0.43
31.30	0.43
31.33	0.47
31.35	0.43
31.37	0.43
31.40	0.46
31.42	0.46
31.45	0.44
31.47	0.49
31.50	0.46
31.52	0.43
31.55	0.47
31.57	0.47
31.59	0.43
31.62	0.43
31.64	0.46
31.67	0.42
31.69	0.43
31.72	0.48
31.74	0.46
31.77	0.43
31.79	0.48
31.81	0.47
31.84	0.43
31.86	0.47
31.89	0.49
31.91	0.44
31.94	0.47
31.96	0.51
31.99	0.47
32.01	0.46
32.03	0.51
32.06	0.48
32.08	0.44
32.11	0.49
32.13	0.45
32.16	0.45
32.18	0.49
32.20	0.48
32.23	0.47
32.25	0.50
32.28	0.53
32.30	0.50
32.33	0.50
32.35	0.53
32.38	0.49
32.40	0.49
32.42	0.53
32.45	0.50
32.47	0.50
32.50	0.53
32.52	0.53
32.55	0.51
32.57	0.52
32.60	0.55
32.62	0.51
32.64	0.51
32.67	0.54
32.69	0.51
32.72	0.51
32.74	0.54
32.77	0.53
32.79	0.52
32.82	0.54
32.84	0.55
32.86	0.52
32.89	0.52
32.91	0.55
32.94	0.51
32.96	0.51
32.99	0.55
33.01	0.52
33.04	0.52
33.06	0.55
33.08	0.54
33.11	0.52
33.13	0.53
33.16	0.55
33.18	0.51
33.21	0.51
33.23	0.55
33.26	0.50
33.28	0.50
33.30	0.53
33.33	0.52
33.35	0.51
33.38	0.53
33.40	0.54
33.43	0.51
33.45	0.51
33.47	0.53
33.50	0.49
33.52	0.49
33.55	0.53
33.57	0.49
33.60	0.49
33.62	0.52
33.65	0.51
33.67	0.49
33.69	0.50
33.72	0.52
33.74	0.48
33.77	0.48
33.79	0.51
33.82	0.47
33.84	0.47
33.87	0.51
33.89	0.46
33.91	0.47
33.94	0.51
33.96	0.48
33.99	0.44
34.01	0.49
34.04	0.47
34.06	0.43
34.09	0.47
34.11	0.49
34.13	0.44
34.16	0.47
34.18	0.50
34.21	0.46
34.23	0.45
34.26	0.49
34.28	0.47
34.31	0.43
34.33	0.48
34.35	0.47
34.38	0.43
34.40	0.46
34.43	0.49
34.45	0.45
34.48	0.46
34.50	0.49
34.52	0.46
34.55	0.46
34.57	0.49
34.60	0.45
34.62	0.45
34.65	0.48
34.67	0.45
34.70	0.45
34.72	0.48
34.74	0.47
34.77	0.45
34.79	0.45
34.82	0.47
34.84	0.44
34.87	0.44
34.89	0.47
34.92	0.44
34.94	0.44
34.96	0.46
34.99	0.45
35.01	0.44
35.04	0.45
35.06	0.46
35.09	0.43
35.11	0.43
35.14	0.46
35.16	0.42
35.18	0.42
35.21	0.45
35.23	0.42
35.26	0.42
35.28	0.44
35.31	0.44
35.33	0.42
35.36	0.42
35.38	0.44
35.40	0.41
35.43	0.41
35.45	0.44
35.48	0.40
35.50	0.40
35.53	0.42
35.55	0.41
35.57	0.40
35.60	0.41
35.62	0.42
35.65	0.39
35.67	0.39
35.70	0.42
35.72	0.38
35.75	0.38
35.77	0.41
35.79	0.38
35.82	0.38
35.84	0.40
35.87	0.40
35.89	0.38
35.92	0.38
35.94	0.40
35.97	0.36
35.99	0.36
36.01	0.40
36.04	0.36
36.06	0.36
36.09	0.38
36.11	0.36
36.14	0.36
36.16	0.37
36.19	0.37
36.21	0.35
36.23	0.35
36.26	0.38
36.28	0.34
36.31	0.34
36.33	0.37
36.36	0.33
36.38	0.34
36.41	0.36
36.43	0.33
36.45	0.32
36.48	0.35
36.50	0.33
36.53	0.30
36.55	0.33
36.58	0.33
36.60	0.29
36.62	0.32
36.65	0.33
36.67	0.29
36.70	0.30
36.72	0.32
36.75	0.30
36.77	0.28
36.80	0.32
36.82	0.30
36.84	0.28
36.87	0.30
36.89	0.30
36.92	0.27
36.94	0.28
36.97	0.30
36.99	0.27
37.02	0.27
37.04	0.29
37.06	0.26
37.09	0.26
37.11	0.29
37.14	0.26
37.16	0.26
37.19	0.27
37.21	0.26
37.24	0.26
37.26	0.26
37.28	0.27
37.31	0.25
37.33	0.25
37.36	0.27
37.38	0.25
37.41	0.25
37.43	0.27
37.46	0.24
37.48	0.24
37.50	0.25
37.53	0.24
37.55	0.24
37.58	0.24
37.60	0.26
37.63	0.23
37.65	0.23
37.68	0.26
37.70	0.23
37.72	0.23
37.75	0.25
37.77	0.24
37.80	0.24
37.82	0.24
37.85	0.25
37.87	0.23
37.89	0.23
37.92	0.26
37.94	0.24
37.97	0.24
37.99	0.26
38.02	0.23
38.04	0.23
38.07	0.24
38.09	0.23
38.11	0.23
38.14	0.23
38.16	0.25
38.19	0.23
38.21	0.23
38.24	0.26
38.26	0.23
38.29	0.23
38.31	0.24
38.33	0.23
38.36	0.23
38.38	0.23
38.41	0.23
38.43	0.22
38.46	0.22
38.48	0.24
38.51	0.22
38.53	0.22
38.55	0.24
38.58	0.22
38.60	0.22
38.63	0.22
38.65	0.22
38.68	0.22
38.70	0.22
38.73	0.24
38.75	0.22
38.77	0.23
38.80	0.23
38.82	0.20
38.85	0.21
38.87	0.23
38.90	0.20
38.92	0.20
38.94	0.23
38.97	0.21
38.99	0.20
39.02	0.23
39.04	0.22
39.07	0.21
39.09	0.22
39.12	0.22
39.14	0.19
39.16	0.20
39.19	0.22
39.21	0.20
39.24	0.19
39.26	0.22
39.29	0.21
39.31	0.20
39.34	0.22
39.36	0.22
39.38	0.20
39.41	0.21
39.43	0.22
39.46	0.22
39.48	0.22
39.51	0.23
39.53	0.22
39.56	0.22
39.58	0.24
39.60	0.22
39.63	0.22
39.65	0.24
39.68	0.21
39.70	0.21
39.73	0.22
39.75	0.23
39.78	0.22
39.80	0.22
39.82	0.25
39.85	0.23
39.87	0.23
39.90	0.26
39.92	0.23
39.95	0.23
39.97	0.25
39.99	0.24
40.02	0.24
40.04	0.25
40.07	0.26
40.09	0.25
40.12	0.25
40.14	0.28
40.17	0.26
40.19	0.26
40.21	0.29
40.24	0.27
40.26	0.27
40.29	0.28
40.31	0.28
40.34	0.28
40.36	0.28
40.39	0.31
40.41	0.29
40.43	0.29
40.46	0.32
40.48	0.29
40.51	0.29
40.53	0.31
40.56	0.31
40.58	0.31
40.61	0.32
40.63	0.33
40.65	0.32
40.68	0.32
40.70	0.35
40.73	0.33
40.75	0.32
40.78	0.36
40.80	0.34
40.83	0.34
40.85	0.36
40.87	0.37
40.90	0.36
40.92	0.36
40.95	0.39
40.97	0.37
41.00	0.37
41.02	0.40
41.05	0.38
41.07	0.38
41.09	0.40
41.12	0.40
41.14	0.40
41.17	0.41
41.19	0.43
41.22	0.41
41.24	0.45
41.26	0.44
41.29	0.41
41.31	0.45
41.34	0.47
41.36	0.43
41.39	0.46
41.41	0.49
41.44	0.46
41.46	0.45
41.48	0.50
41.51	0.48
41.53	0.44
41.56	0.49
41.58	0.50
41.61	0.46
41.63	0.49
41.66	0.53
41.68	0.49
41.70	0.50
41.73	0.55
41.75	0.52
41.78	0.49
41.80	0.54
41.83	0.53
41.85	0.49
41.88	0.54
41.90	0.51
41.92	0.51
41.95	0.55
41.97	0.55
42.00	0.52
42.02	0.54
42.05	0.57
42.07	0.54
42.10	0.54
42.12	0.58
42.14	0.55
42.17	0.55
42.19	0.59
42.22	0.58
42.24	0.57
42.27	0.59
42.29	0.61
42.31	0.58
42.34	0.58
42.36	0.62
42.39	0.59
42.41	0.59
42.44	0.64
42.46	0.62
42.49	0.61
42.51	0.65
42.53	0.65
42.56	0.63
42.58	0.65
42.61	0.67
42.63	0.64
42.66	0.64
42.68	0.69
42.71	0.66
42.73	0.65
42.75	0.70
42.78	0.70
42.80	0.68
42.83	0.71
42.85	0.72
42.88	0.70
42.90	0.71
42.93	0.74
42.95	0.71
42.97	0.71
43.00	0.76
43.02	0.74
43.05	0.73
43.07	0.77
43.10	0.77
43.12	0.74
43.15	0.76
43.17	0.79
43.19	0.75
43.22	0.76
43.24	0.81
43.27	0.78
43.29	0.77
43.32	0.82
43.34	0.81
43.36	0.79
43.39	0.83
43.41	0.84
43.44	0.80
43.46	0.81
43.49	0.85
43.51	0.82
43.54	0.82
43.56	0.86
43.58	0.85
43.61	0.83
43.63	0.87
43.66	0.84
43.68	0.83
43.71	0.90
43.73	0.88
43.76	0.84
43.78	0.91
43.80	0.92
43.83	0.86
43.85	0.90
43.88	0.95
43.90	0.89
43.93	0.89
43.95	0.96
43.98	0.93
44.00	0.90
44.02	0.97
44.05	0.96
44.07	0.91
44.10	0.96
44.12	0.99
44.15	0.93
44.17	0.96
44.20	1.02
44.22	0.97
44.24	0.95
44.27	1.02
44.29	1.01
44.32	1.00
44.34	1.01
44.37	0.98
44.39	0.97
44.41	1.01
44.44	1.00
44.46	0.98
44.49	1.02
44.51	1.04
44.54	1.00
44.56	1.02
44.59	1.05
44.61	1.01
44.63	1.01
44.66	1.06
44.68	1.04
44.71	1.02
44.73	1.06
44.76	1.06
44.78	1.03
44.81	1.07
44.83	1.09
44.85	1.05
44.88	1.07
44.90	1.09
44.93	1.06
44.95	1.05
44.98	1.10
45.00	1.12
45.03	1.09
45.05	1.13
45.07	1.14
45.10	1.11
45.12	1.12
45.15	1.15
45.17	1.13
45.20	1.13
45.22	1.17
45.25	1.15
45.27	1.14
45.29	1.18
45.32	1.18
45.34	1.15
45.37	1.18
45.39	1.20
45.42	1.17
45.44	1.18
45.47	1.22
45.49	1.19
45.51	1.18
45.54	1.22
45.56	1.23
45.59	1.21
45.61	1.25
45.64	1.25
45.66	1.22
45.68	1.24
45.71	1.27
45.73	1.24
45.76	1.24
45.78	1.28
45.81	1.26
45.83	1.24
45.86	1.28
45.88	1.28
45.90	1.25
45.93	1.27
45.95	1.30
45.98	1.26
46.00	1.28
46.03	1.31
46.05	1.28
46.08	1.27
46.10	1.33
46.12	1.26
46.15	1.27
46.17	1.33
46.20	1.30
46.22	1.26
46.25	1.34
46.27	1.32
46.30	1.27
46.32	1.32
46.34	1.35
46.37	1.29
46.39	1.31
46.42	1.37
46.44	1.32
46.47	1.30
46.49	1.37
46.52	1.35
46.54	1.30
46.56	1.36
46.59	1.37
46.61	1.32
46.64	1.35
46.66	1.39
46.69	1.33
46.71	1.34
46.73	1.40
46.76	1.35
46.78	1.37
46.81	1.40
46.83	1.37
46.86	1.37
46.88	1.42
46.91	1.40
46.93	1.38
46.95	1.42
46.98	1.42
47.00	1.38
47.03	1.40
47.05	1.42
47.08	1.39
47.10	1.40
47.13	1.44
47.15	1.41
47.17	1.40
47.20	1.45
47.22	1.44
47.25	1.40
47.27	1.44
47.30	1.46
47.32	1.42
47.35	1.43
47.37	1.47
47.39	1.44
47.42	1.43
47.44	1.48
47.47	1.46
47.49	1.43
47.52	1.47
47.54	1.48
47.57	1.44
47.59	1.47
47.61	1.49
47.64	1.44
47.66	1.44
47.69	1.48
47.71	1.46
47.74	1.44
47.76	1.48
47.78	1.47
47.81	1.44
47.83	1.48
47.86	1.49
47.88	1.45
47.91	1.48
47.93	1.51
47.96	1.47
47.98	1.46
48.00	1.51
48.03	1.49
48.05	1.46
48.08	1.51
48.10	1.51
48.13	1.47
48.15	1.50
48.18	1.52
48.20	1.48
48.22	1.49
48.25	1.53
48.27	1.49
48.30	1.50
48.32	1.54
48.35	1.54
48.37	1.50
48.40	1.53
48.42	1.55
48.44	1.51
48.47	1.52
48.49	1.55
48.52	1.52
48.54	1.54
48.57	1.57
48.59	1.50
48.62	1.52
48.64	1.57
48.66	1.52
48.69	1.50
48.71	1.56
48.74	1.52
48.76	1.46
48.79	1.52
48.81	1.54
48.84	1.47
48.86	1.50
48.88	1.54
48.91	1.47
48.93	1.47
48.96	1.53
48.98	1.49
49.01	1.45
49.03	1.51
49.05	1.50
49.08	1.44
49.10	1.48
49.13	1.52
49.15	1.44
49.18	1.45
49.20	1.48
49.23	1.43
49.25	1.45
49.27	1.47
49.30	1.43
49.32	1.43
49.35	1.47
49.37	1.44
49.40	1.43
49.42	1.47
49.45	1.45
49.47	1.41
49.49	1.45
49.52	1.45
49.54	1.41
49.57	1.42
49.59	1.45
49.62	1.41
49.64	1.39
49.67	1.42
49.69	1.40
49.71	1.37
49.74	1.41
49.76	1.41
49.79	1.36
49.81	1.38
49.84	1.40
49.86	1.35
49.89	1.35
49.91	1.39
49.93	1.36
49.96	1.33
49.98	1.36
50.01	1.36
50.03	1.31
50.06	1.34
50.08	1.35
50.10	1.31
50.13	1.31
50.15	1.34
50.18	1.29
50.20	1.28
50.23	1.31
50.25	1.29
50.28	1.26
50.30	1.29
50.32	1.30
50.35	1.25
50.37	1.27
50.40	1.28
50.42	1.24
50.45	1.24
50.47	1.27
50.50	1.24
50.52	1.21
50.54	1.25
50.57	1.23
50.59	1.19
50.62	1.22
50.64	1.22
50.67	1.17
50.69	1.18
50.72	1.21
50.74	1.17
50.76	1.14
50.79	1.17
50.81	1.14
50.84	1.12
50.86	1.15
50.89	1.14
50.91	1.10
50.94	1.12
50.96	1.13
50.98	1.07
51.01	1.11
51.03	1.12
51.06	1.06
51.08	1.08
51.11	1.11
51.13	1.05
51.15	1.04
51.18	1.08
51.20	1.05
51.23	1.01
51.25	1.07
51.28	1.05
51.30	0.99
51.33	1.02
51.35	1.04
51.37	0.97
51.40	0.98
51.42	1.04
51.45	0.99
51.47	0.96
51.50	1.02
51.52	0.99
51.55	0.95
51.57	0.98
51.59	0.99
51.62	0.92
51.64	0.96
51.67	0.95
51.69	0.91
51.72	0.93
51.74	0.94
51.77	0.90
51.79	0.90
51.81	0.92
51.84	0.89
51.86	0.87
51.89	0.90
51.91	0.88
51.94	0.85
51.96	0.88
51.99	0.87
52.01	0.84
52.03	0.84
52.06	0.85
52.08	0.80
52.11	0.80
52.13	0.83
52.16	0.80
52.18	0.77
52.20	0.80
52.23	0.79
52.25	0.76
52.28	0.77
52.30	0.78
52.33	0.74
52.35	0.74
52.38	0.77
52.40	0.73
52.42	0.72
52.45	0.75
52.47	0.72
52.50	0.70
52.52	0.73
52.55	0.72
52.57	0.68
52.60	0.69
52.62	0.71
52.64	0.67
52.67	0.66
52.69	0.71
52.72	0.68
52.74	0.67
52.77	0.69
52.79	0.68
52.82	0.64
52.84	0.66
52.86	0.67
52.89	0.63
52.91	0.63
52.94	0.66
52.96	0.62
52.99	0.62
53.01	0.65
53.04	0.63
53.06	0.61
53.08	0.63
53.11	0.63
53.13	0.60
53.16	0.61
53.18	0.62
53.21	0.58
53.23	0.58
53.26	0.61
53.28	0.58
53.30	0.57
53.33	0.60
53.35	0.59
53.38	0.56
53.40	0.58
53.43	0.57
53.45	0.53
53.47	0.57
53.50	0.57
53.52	0.52
53.55	0.55
53.57	0.57
53.60	0.52
53.62	0.53
53.65	0.57
53.67	0.53
53.69	0.49
53.72	0.54
53.74	0.51
53.77	0.47
53.79	0.50
53.82	0.52
53.84	0.47
53.87	0.48
53.89	0.51
53.91	0.47
53.94	0.46
53.96	0.50
53.99	0.46
54.01	0.43
54.04	0.46
54.06	0.46
54.09	0.43
54.11	0.46
54.13	0.45
54.16	0.43
54.18	0.45
54.21	0.45
54.23	0.42
54.26	0.42
54.28	0.44
54.31	0.40
54.33	0.40
54.35	0.43
54.38	0.41
54.40	0.40
54.43	0.43
54.45	0.42
54.48	0.40
54.50	0.40
54.52	0.42
54.55	0.39
54.57	0.39
54.60	0.41
54.62	0.38
54.65	0.38
54.67	0.40
54.70	0.38
54.72	0.38
54.74	0.39
54.77	0.39
54.79	0.37
54.82	0.37
54.84	0.39
54.87	0.36
54.89	0.36
54.92	0.39
54.94	0.36
54.96	0.36
54.99	0.38
55.01	0.37
55.04	0.36
55.06	0.36
55.09	0.37
55.11	0.34
55.14	0.34
55.16	0.37
55.18	0.33
55.21	0.33
55.23	0.35
55.26	0.34
55.28	0.33
55.31	0.34
55.33	0.33
55.36	0.31
55.38	0.31
55.40	0.32
55.43	0.29
55.45	0.29
55.48	0.31
55.50	0.29
55.53	0.29
55.55	0.30
55.57	0.30
55.60	0.28
55.62	0.28
55.65	0.30
55.67	0.27
55.70	0.27
55.72	0.30
55.75	0.27
55.77	0.27
55.79	0.29
55.82	0.27
55.84	0.27
55.87	0.30
55.89	0.28
55.92	0.26
55.94	0.29
55.97	0.28
55.99	0.27
56.01	0.30
56.04	0.31
56.06	0.28
56.09	0.29
56.11	0.31
56.14	0.29
56.16	0.28
56.19	0.31
56.21	0.29
56.23	0.27
56.26	0.30
56.28	0.30
56.31	0.27
56.33	0.29
56.36	0.30
56.38	0.27
56.41	0.27
56.43	0.30
56.45	0.28
56.48	0.26
56.50	0.30
56.53	0.27
56.55	0.27
56.58	0.29
56.60	0.27
56.62	0.27
56.65	0.28
56.67	0.28
56.70	0.27
56.72	0.27
56.75	0.30
56.77	0.27
56.80	0.27
56.82	0.31
56.84	0.27
56.87	0.27
56.89	0.29
56.92	0.28
56.94	0.28
56.97	0.29
56.99	0.30
57.02	0.28
57.04	0.28
57.06	0.31
57.09	0.29
57.11	0.29
57.14	0.32
57.16	0.30
57.19	0.30
57.21	0.31
57.24	0.32
57.26	0.31
57.28	0.31
57.31	0.33
57.33	0.31
57.36	0.31
57.38	0.34
57.41	0.31
57.43	0.31
57.46	0.34
57.48	0.33
57.50	0.33
57.53	0.34
57.55	0.36
57.58	0.34
57.60	0.34
57.63	0.37
57.65	0.34
57.68	0.34
57.70	0.36
57.72	0.35
57.75	0.35
57.77	0.37
57.80	0.37
57.82	0.35
57.85	0.35
57.87	0.37
57.89	0.34
57.92	0.34
57.94	0.38
57.97	0.36
57.99	0.36
58.02	0.38
58.04	0.37
58.07	0.36
58.09	0.38
58.11	0.38
58.14	0.36
58.16	0.36
58.19	0.39
58.21	0.35
58.24	0.35
58.26	0.39
58.29	0.37
58.31	0.37
58.33	0.41
58.36	0.38
58.38	0.37
58.41	0.41
58.43	0.39
58.46	0.36
58.48	0.40
58.51	0.41
58.53	0.37
58.55	0.40
58.58	0.43
58.60	0.40
58.63	0.40
58.65	0.44
58.68	0.42
58.70	0.39
58.73	0.44
58.75	0.44
58.77	0.40
58.80	0.44
58.82	0.46
58.85	0.42
58.87	0.45
58.90	0.48
58.92	0.45
58.94	0.44
58.97	0.48
58.99	0.46
59.02	0.46
59.04	0.50
59.07	0.48
59.09	0.48
59.12	0.51
59.14	0.51
59.16	0.50
59.19	0.52
59.21	0.53
59.24	0.51
59.26	0.51
59.29	0.54
59.31	0.51
59.34	0.51
59.36	0.56
59.38	0.54
59.41	0.54
59.43	0.57
59.46	0.58
59.48	0.55
59.51	0.57
59.53	0.59
59.56	0.56
59.58	0.57
59.60	0.60
59.63	0.58
59.65	0.58
59.68	0.62
59.70	0.61
59.73	0.59
59.75	0.62
59.78	0.63
59.80	0.61
59.82	0.62
59.85	0.65
59.87	0.63
59.90	0.63
59.92	0.67
59.95	0.66
59.97	0.64
59.99	0.68
60.02	0.68
60.04	0.65
60.07	0.67
60.09	0.70
60.12	0.67
60.14	0.68
60.17	0.72
60.19	0.70
60.21	0.69
60.24	0.73
60.26	0.73
60.29	0.70
60.31	0.73
60.34	0.75
60.36	0.72
60.39	0.74
60.41	0.77
60.43	0.74
60.46	0.75
60.48	0.79
60.51	0.78
60.53	0.76
60.56	0.80
60.58	0.81
60.61	0.78
60.63	0.80
60.65	0.83
60.68	0.80
60.70	0.82
60.73	0.85
60.75	0.81
60.78	0.84
60.80	0.89
60.83	0.84
60.85	0.85
60.87	0.90
60.90	0.88
60.92	0.86
60.95	0.91
60.97	0.91
61.00	0.88
61.02	0.92
61.05	0.95
61.07	0.91
61.09	0.93
61.12	0.98
61.14	0.95
61.17	0.94
61.19	1.00
61.22	0.98
61.24	0.94
61.26	1.00
61.29	1.01
61.31	0.97
61.34	1.00
61.36	1.05
61.39	1.00
61.41	1.03
61.44	1.04
61.46	1.01
61.48	1.03
61.51	1.07
61.53	1.04
61.56	1.04
61.58	1.08
61.61	1.07
61.63	1.06
61.66	1.09
61.68	1.10
61.70	1.08
61.73	1.09
61.75	1.12
61.78	1.09
61.80	1.10
61.83	1.14
61.85	1.12
61.88	1.11
61.90	1.15
61.92	1.15
61.95	1.12
61.97	1.15
62.00	1.17
62.02	1.14
62.05	1.16
62.07	1.19
62.10	1.17
62.12	1.17
62.14	1.21
62.17	1.20
62.19	1.18
62.22	1.22
62.24	1.23
62.27	1.21
62.29	1.23
62.31	1.25
62.34	1.22
62.36	1.23
62.39	1.27
62.41	1.25
62.44	1.24
62.46	1.28
62.49	1.28
62.51	1.26
62.53	1.29
62.56	1.30
62.58	1.28
62.61	1.30
62.63	1.33
62.66	1.30
62.68	1.30
62.71	1.34
62.73	1.33
62.75	1.32
62.78	1.35
62.80	1.36
62.83	1.34
62.85	1.36
62.88	1.38
62.90	1.36
62.93	1.37
62.95	1.40
62.97	1.38
63.00	1.38
63.02	1.40
63.05	1.40
63.07	1.37
63.10	1.41
63.12	1.42
63.15	1.39
63.17	1.40
63.19	1.43
63.22	1.39
63.24	1.43
63.27	1.46
63.29	1.42
63.32	1.44
63.34	1.48
63.36	1.45
63.39	1.44
63.41	1.50
63.44	1.48
63.46	1.45
63.49	1.49
63.51	1.51
63.54	1.46
63.56	1.49
63.58	1.53
63.61	1.49
63.63	1.49
63.66	1.54
63.68	1.54
63.71	1.52
63.73	1.57
63.76	1.57
63.78	1.53
63.80	1.57
63.83	1.60
63.85	1.56
63.88	1.60
63.90	1.60
63.93	1.58
63.95	1.60
63.98	1.62
64.00	1.60
64.02	1.60
64.05	1.63
64.07	1.62
64.10	1.61
64.12	1.64
64.15	1.64
64.17	1.62
64.20	1.65
64.22	1.67
64.24	1.65
64.27	1.66
64.29	1.69
64.32	1.67
64.34	1.67
64.37	1.70
64.39	1.69
64.41	1.68
64.44	1.71
64.46	1.71
64.49	1.69
64.51	1.72
64.54	1.74
64.56	1.71
64.59	1.71
64.61	1.75
64.63	1.73
64.66	1.72
64.68	1.75
64.71	1.76
64.73	1.73
64.76	1.76
64.78	1.77
64.81	1.75
64.83	1.76
64.85	1.79
64.88	1.76
64.90	1.76
64.93	1.79
64.95	1.78
64.98	1.77
65.00	1.80
65.03	1.81
65.05	1.78
65.07	1.80
65.10	1.81
65.12	1.79
65.15	1.79
65.17	1.82
65.20	1.81
65.22	1.80
65.25	1.83
65.27	1.83
65.29	1.80
65.32	1.83
65.34	1.84
65.37	1.82
65.39	1.83
65.42	1.86
65.44	1.84
65.47	1.83
65.49	1.86
65.51	1.85
65.54	1.84
65.56	1.86
65.59	1.86
65.61	1.84
65.64	1.88
65.66	1.86
65.68	1.83
65.71	1.87
65.73	1.88
65.76	1.83
65.78	1.85
65.81	1.89
65.83	1.85
65.86	1.84
65.88	1.88
65.90	1.86
65.93	1.83
65.95	1.88
65.98	1.88
66.00	1.84
66.03	1.86
66.05	1.89
66.08	1.84
66.10	1.86
66.12	1.90
66.15	1.86
66.17	1.84
66.20	1.89
66.22	1.87
66.25	1.84
66.27	1.87
66.30	1.87
66.32	1.85
66.34	1.88
66.37	1.87
66.39	1.84
66.42	1.87
66.44	1.88
66.47	1.85
66.49	1.86
66.52	1.88
66.54	1.86
66.56	1.85
66.59	1.88
66.61	1.87
66.64	1.85
66.66	1.88
66.69	1.88
66.71	1.85
66.73	1.86
66.76	1.88
66.78	1.85
66.81	1.85
66.83	1.87
66.86	1.86
66.88	1.84
66.91	1.87
66.93	1.86
66.95	1.83
66.98	1.85
67.00	1.86
67.03	1.83
67.05	1.84
67.08	1.86
67.10	1.83
67.13	1.83
67.15	1.86
67.17	1.84
67.20	1.82
67.22	1.84
67.25	1.84
67.27	1.81
67.30	1.82
67.32	1.84
67.35	1.81
67.37	1.81
67.39	1.83
67.42	1.81
67.44	1.79
67.47	1.81
67.49	1.80
67.52	1.77
67.54	1.79
67.57	1.80
67.59	1.77
67.61	1.77
67.64	1.80
67.66	1.77
67.69	1.75
67.71	1.78
67.74	1.77
67.76	1.74
67.78	1.76
67.81	1.76
67.83	1.74
67.86	1.75
67.88	1.76
67.91	1.73
67.93	1.73
67.96	1.75
67.98	1.73
68.00	1.71
68.03	1.74
68.05	1.73
68.08	1.70
68.10	1.75
68.13	1.72
68.15	1.69
68.18	1.72
68.20	1.72
68.22	1.68
68.25	1.70
68.27	1.72
68.30	1.67
68.32	1.68
68.35	1.72
68.37	1.68
68.40	1.66
68.42	1.70
68.44	1.68
68.47	1.64
68.49	1.67
68.52	1.69
68.54	1.64
68.57	1.65
68.59	1.68
68.62	1.63
68.64	1.62
68.66	1.66
68.69	1.63
68.71	1.59
68.74	1.63
68.76	1.61
68.79	1.59
68.81	1.62
68.83	1.61
68.86	1.58
68.88	1.60
68.91	1.60
68.93	1.57
68.96	1.58
68.98	1.60
69.01	1.56
69.03	1.56
69.05	1.58
69.08	1.56
69.10	1.54
69.13	1.56
69.15	1.56
69.18	1.52
69.20	1.53
69.23	1.54
69.25	1.51
69.27	1.51
69.30	1.53
69.32	1.51
69.35	1.49
69.37	1.52
69.40	1.50
69.42	1.47
69.45	1.49
69.47	1.49
69.49	1.46
69.52	1.46
69.54	1.48
69.57	1.45
69.59	1.43
69.62	1.46
69.64	1.43
69.67	1.41
69.69	1.44
69.71	1.43
69.74	1.40
69.76	1.41
69.79	1.42
69.81	1.38
69.84	1.39
69.86	1.41
69.89	1.38
69.91	1.36
69.93	1.39
69.96	1.38
69.98	1.35
70.01	1.37
70.03	1.37
70.06	1.34
70.08	1.35
70.10	1.36
70.13	1.33
70.15	1.32
70.18	1.34
70.20	1.32
70.23	1.30
70.25	1.32
70.28	1.31
70.30	1.28
70.32	1.30
70.35	1.30
70.37	1.27
70.40	1.27
70.42	1.28
70.45	1.26
70.47	1.25
70.50	1.27
70.52	1.23
70.54	1.23
70.57	1.27
70.59	1.23
70.62	1.20
70.64	1.24
70.67	1.22
70.69	1.18
70.72	1.20
70.74	1.22
70.76	1.17
70.79	1.18
70.81	1.21
70.84	1.16
70.86	1.14
70.89	1.19
70.91	1.16
70.94	1.13
70.96	1.16
70.98	1.16
71.01	1.11
71.03	1.13
71.06	1.16
71.08	1.10
71.11	1.10
71.13	1.14
71.15	1.10
71.18	1.10
71.20	1.11
71.23	1.08
71.25	1.07
71.28	1.09
71.30	1.06
71.33	1.05
71.35	1.07
71.37	1.06
71.40	1.03
71.42	1.04
71.45	1.05
71.47	1.01
71.50	1.01
71.52	1.04
71.55	1.00
71.57	0.99
71.59	1.01
71.62	1.00
71.64	0.97
71.67	0.99
71.69	0.99
71.72	0.96
71.74	0.96
71.77	0.98
71.79	0.94
71.81	0.92
71.84	0.95
71.86	0.93
71.89	0.90
71.91	0.93
71.94	0.92
71.96	0.89
71.99	0.90
72.01	0.90
72.03	0.87
72.06	0.87
72.08	0.89
72.11	0.86
72.13	0.84
72.16	0.87
72.18	0.85
72.20	0.82
72.23	0.84
72.25	0.84
72.28	0.81
72.30	0.81
72.33	0.82
72.35	0.80
72.38	0.79
72.40	0.81
72.42	0.79
72.45	0.77
72.47	0.79
72.50	0.79
72.52	0.75
72.55	0.76
72.57	0.77
72.60	0.74
72.62	0.74
72.64	0.76
72.67	0.73
72.69	0.72
72.72	0.74
72.74	0.72
72.77	0.70
72.79	0.71
72.82	0.71
72.84	0.68
72.86	0.70
72.89	0.71
72.91	0.68
72.94	0.67
72.96	0.70
72.99	0.65
73.01	0.65
73.04	0.69
73.06	0.64
73.08	0.62
73.11	0.67
73.13	0.64
73.16	0.61
73.18	0.66
73.21	0.65
73.23	0.60
73.25	0.62
73.28	0.65
73.30	0.60
73.33	0.60
73.35	0.64
73.38	0.62
73.40	0.58
73.43	0.63
73.45	0.62
73.47	0.58
73.50	0.61
73.52	0.63
73.55	0.58
73.57	0.60
73.60	0.63
73.62	0.59
73.65	0.61
73.67	0.62
73.69	0.59
73.72	0.59
73.74	0.61
73.77	0.59
73.79	0.58
73.82	0.61
73.84	0.59
73.87	0.58
73.89	0.60
73.91	0.60
73.94	0.57
73.96	0.59
73.99	0.61
74.01	0.58
74.04	0.57
74.06	0.60
74.09	0.58
74.11	0.57
74.13	0.60
74.16	0.60
74.18	0.57
74.21	0.58
74.23	0.59
74.26	0.57
74.28	0.57
74.31	0.59
74.33	0.57
74.35	0.56
74.38	0.59
74.40	0.58
74.43	0.56
74.45	0.58
74.48	0.59
74.50	0.56
74.52	0.57
74.55	0.59
74.57	0.56
74.60	0.56
74.62	0.58
74.65	0.57
74.67	0.55
74.70	0.58
74.72	0.58
74.74	0.55
74.77	0.57
74.79	0.58
74.82	0.55
74.84	0.55
74.87	0.58
74.89	0.56
74.92	0.55
74.94	0.58
74.96	0.57
74.99	0.55
75.01	0.57
75.04	0.58
75.06	0.55
75.09	0.56
75.11	0.58
75.14	0.55
75.16	0.55
75.18	0.57
75.21	0.56
75.23	0.55
75.26	0.58
75.28	0.58
75.31	0.55
75.33	0.57
75.36	0.58
75.38	0.56
75.40	0.59
75.43	0.59
75.45	0.55
75.48	0.58
75.50	0.61
75.53	0.56
75.55	0.57
75.57	0.61
75.60	0.58
75.62	0.55
75.65	0.60
75.67	0.59
75.70	0.56
75.72	0.59
75.75	0.62
75.77	0.58
75.79	0.60
75.82	0.63
75.84	0.60
75.87	0.58
75.89	0.63
75.92	0.62
75.94	0.59
75.97	0.64
75.99	0.65
76.01	0.60
76.04	0.63
76.06	0.64
76.09	0.62
76.11	0.64
76.14	0.65
76.16	0.63
76.19	0.64
76.21	0.67
76.23	0.64
76.26	0.64
76.28	0.68
76.31	0.66
76.33	0.65
76.36	0.68
76.38	0.68
76.41	0.65
76.43	0.67
76.45	0.69
76.48	0.67
76.50	0.68
76.53	0.71
76.55	0.69
76.58	0.68
76.60	0.71
76.62	0.70
76.65	0.67
76.67	0.71
76.70	0.72
76.72	0.69
76.75	0.71
76.77	0.73
76.80	0.71
76.82	0.71
76.84	0.73
76.87	0.72
76.89	0.71
76.92	0.74
76.94	0.74
76.97	0.72
76.99	0.74
77.02	0.76
77.04	0.74
77.06	0.75
77.09	0.78
77.11	0.76
77.14	0.75
77.16	0.78
77.19	0.79
77.21	0.76
77.24	0.79
77.26	0.80
77.28	0.78
77.31	0.80
77.33	0.82
77.36	0.79
77.38	0.80
77.41	0.83
77.43	0.82
77.46	0.81
77.48	0.84
77.50	0.86
77.53	0.83
77.55	0.85
77.58	0.87
77.60	0.85
77.63	0.85
77.65	0.89
77.68	0.84
77.70	0.84
77.72	0.87
77.75	0.87
77.77	0.85
77.80	0.88
77.82	0.89
77.85	0.85
77.87	0.91
77.89	0.91
77.92	0.87
77.94	0.91
77.97	0.94
77.99	0.90
78.02	0.92
78.04	0.95
78.07	0.92
78.09	0.91
78.11	0.96
78.14	0.95
78.16	0.92
78.19	0.97
78.21	0.97
78.24	0.92
78.26	0.95
78.29	0.98
78.31	0.94
78.33	0.97
78.36	1.02
78.38	1.00
78.41	0.98
78.43	1.03
78.46	1.03
78.48	1.00
78.51	1.05
78.53	1.03
78.55	1.02
78.58	1.06
78.60	1.06
78.63	1.04
78.65	1.06
78.68	1.08
78.70	1.06
78.73	1.07
78.75	1.10
78.77	1.09
78.80	1.08
78.82	1.11
78.85	1.11
78.87	1.11
78.90	1.14
78.92	1.16
78.94	1.13
78.97	1.15
78.99	1.18
79.02	1.16
79.04	1.15
79.07	1.19
79.09	1.19
79.12	1.18
79.14	1.21
79.16	1.22
79.19	1.19
79.21	1.21
79.24	1.23
79.26	1.21
79.29	1.22
79.31	1.25
79.34	1.23
79.36	1.23
79.38	1.26
79.41	1.27
79.43	1.25
79.46	1.27
79.48	1.29
79.51	1.27
79.53	1.28
79.56	1.31
79.58	1.29
79.60	1.29
79.63	1.33
79.65	1.32
79.68	1.31
79.70	1.35
79.73	1.35
79.75	1.32
79.78	1.35
79.80	1.38
79.82	1.35
79.85	1.36
79.87	1.40
79.90	1.38
79.92	1.38
79.95	1.41
79.97	1.41
79.99	1.39
80.02	1.42
80.04	1.44
80.07	1.42
80.09	1.43
80.12	1.47
80.14	1.45
80.17	1.45
80.19	1.48
80.21	1.48
80.24	1.47
80.26	1.50
80.29	1.49
80.31	1.48
80.34	1.53
80.36	1.52
80.39	1.49
80.41	1.54
80.43	1.55
80.46	1.50
80.48	1.53
80.51	1.57
80.53	1.54
80.56	1.54
80.58	1.59
80.61	1.57
80.63	1.55
80.65	1.60
80.68	1.61
80.70	1.57
80.73	1.61
80.75	1.64
80.78	1.59
80.80	1.61
80.83	1.66
80.85	1.63
80.87	1.62
80.90	1.67
80.92	1.66
80.95	1.65
80.97	1.69
81.00	1.68
81.02	1.67
81.04	1.71
81.07	1.71
81.09	1.69
81.12	1.72
81.14	1.73
81.17	1.71
81.19	1.73
81.22	1.76
81.24	1.74
81.26	1.74
81.29	1.78
81.31	1.77
81.34	1.73
81.36	1.76
81.39	1.77
81.41	1.75
81.44	1.77
81.46	1.79
81.48	1.77
81.51	1.78
81.53	1.82
81.56	1.80
81.58	1.79
81.61	1.83
81.63	1.83
81.66	1.80
81.68	1.83
81.70	1.86
81.73	1.83
81.75	1.84
81.78	1.88
81.80	1.86
81.83	1.86
81.85	1.89
81.88	1.88
81.90	1.87
81.92	1.90
81.95	1.91
81.97	1.89
82.00	1.94
82.02	1.96
82.05	1.94
82.07	1.94
82.10	1.98
82.12	1.96
82.14	1.95
82.17	1.99
82.19	1.99
82.22	1.97
82.24	1.99
82.27	2.01
82.29	1.99
82.31	2.00
82.34	2.03
82.36	2.01
82.39	2.00
82.41	2.04
82.44	2.03
82.46	2.01
82.49	2.04
82.51	2.06
82.53	2.04
82.56	2.05
82.58	2.07
82.61	2.05
82.63	2.05
82.66	2.09
82.68	2.07
82.71	2.06
82.73	2.11
82.75	2.07
82.78	2.07
82.80	2.12
82.83	2.10
82.85	2.07
82.88	2.12
82.90	2.13
82.93	2.09
82.95	2.12
82.97	2.15
83.00	2.11
83.02	2.12
83.05	2.17
83.07	2.14
83.10	2.12
83.12	2.17
83.15	2.16
83.17	2.13
83.19	2.16
83.22	2.18
83.24	2.14
83.27	2.17
83.29	2.21
83.32	2.17
83.34	2.16
83.36	2.21
83.39	2.18
83.41	2.19
83.44	2.22
83.46	2.20
83.49	2.20
83.51	2.23
83.54	2.23
83.56	2.21
83.58	2.23
83.61	2.24
83.63	2.22
83.66	2.24
83.68	2.26
83.71	2.23
83.73	2.24
83.76	2.27
83.78	2.25
83.80	2.24
83.83	2.27
83.85	2.27
83.88	2.25
83.90	2.27
83.93	2.29
83.95	2.26
83.98	2.27
84.00	2.30
84.02	2.28
84.05	2.27
84.07	2.30
84.10	2.29
84.12	2.27
84.15	2.30
84.17	2.31
84.20	2.28
84.22	2.29
84.24	2.32
84.27	2.29
84.29	2.29
84.32	2.32
84.34	2.30
84.37	2.29
84.39	2.32
84.41	2.32
84.44	2.29
84.46	2.31
84.49	2.32
84.51	2.30
84.54	2.31
84.56	2.33
84.59	2.31
84.61	2.30
84.63	2.34
84.66	2.33
84.68	2.30
84.71	2.34
84.73	2.34
84.76	2.31
84.78	2.32
84.81	2.34
84.83	2.32
84.85	2.32
84.88	2.35
84.90	2.33
84.93	2.31
84.95	2.35
84.98	2.35
85.00	2.32
85.03	2.34
85.05	2.35
85.07	2.33
85.10	2.34
85.12	2.36
85.15	2.34
85.17	2.35
85.20	2.38
85.22	2.33
85.25	2.34
85.27	2.37
85.29	2.34
85.32	2.32
85.34	2.37
85.37	2.36
85.39	2.32
85.42	2.36
85.44	2.37
85.47	2.33
85.49	2.34
85.51	2.38
85.54	2.34
85.56	2.33
85.59	2.37
85.61	2.35
85.64	2.32
85.66	2.37
85.68	2.37
85.71	2.32
85.73	2.35
85.76	2.37
85.78	2.33
85.81	2.33
85.83	2.36
85.86	2.33
85.88	2.34
85.90	2.34
85.93	2.31
85.95	2.31
85.98	2.33
86.00	2.32
86.03	2.30
86.05	2.33
86.08	2.32
86.10	2.30
86.12	2.31
86.15	2.33
86.17	2.30
86.20	2.30
86.22	2.32
86.25	2.30
86.27	2.29
86.30	2.32
86.32	2.31
86.34	2.28
86.37	2.30
86.39	2.30
86.42	2.28
86.44	2.29
86.47	2.28
86.49	2.25
86.52	2.24
86.54	2.28
86.56	2.28
86.59	2.26
86.61	2.29
86.64	2.29
86.66	2.26
86.69	2.27
86.71	2.28
86.73	2.25
86.76	2.25
86.78	2.28
86.81	2.26
86.83	2.24
86.86	2.27
86.88	2.26
86.91	2.23
86.93	2.25
86.95	2.26
86.98	2.23
87.00	2.23
87.03	2.25
87.05	2.22
87.08	2.22
87.10	2.24
87.13	2.25
87.15	2.23
87.17	2.26
87.20	2.25
87.22	2.22
87.25	2.24
87.27	2.25
87.30	2.22
87.32	2.22
87.35	2.24
87.37	2.22
87.39	2.21
87.42	2.23
87.44	2.22
87.47	2.19
87.49	2.21
87.52	2.22
87.54	2.19
87.57	2.20
87.59	2.22
87.61	2.17
87.64	2.20
87.66	2.22
87.69	2.17
87.71	2.18
87.74	2.22
87.76	2.19
87.78	2.16
87.81	2.21
87.83	2.19
87.86	2.15
87.88	2.18
87.91	2.18
87.93	2.14
87.96	2.16
87.98	2.19
88.00	2.14
88.03	2.13
88.05	2.17
88.08	2.15
88.10	2.11
88.13	2.15
88.15	2.14
88.18	2.10
88.20	2.12
88.22	2.15
88.25	2.09
88.27	2.12
88.30	2.11
88.32	2.09
88.35	2.10
88.37	2.11
88.40	2.07
88.42	2.06
88.44	2.09
88.47	2.07
88.49	2.05
88.52	2.07
88.54	2.06
88.57	2.04
88.59	2.05
88.62	2.05
88.64	2.02
88.66	2.02
88.69	2.04
88.71	2.01
88.74	2.00
88.76	2.03
88.79	2.01
88.81	1.99
88.83	2.01
88.86	2.01
88.88	1.97
88.91	1.99
88.93	2.00
88.96	1.97
88.98	1.96
89.01	1.99
89.03	1.97
89.05	1.95
89.08	1.97
89.10	1.96
89.13	1.93
89.15	1.95
89.18	1.95
89.20	1.92
89.23	1.93
89.25	1.95
89.27	1.92
89.30	1.91
89.32	1.93
89.35	1.91
89.37	1.89
89.40	1.91
89.42	1.91
89.45	1.88
89.47	1.89
89.49	1.90
89.52	1.86
89.54	1.86
89.57	1.88
89.59	1.86
89.62	1.84
89.64	1.86
89.67	1.86
89.69	1.82
89.71	1.84
89.74	1.85
89.76	1.81
89.79	1.82
89.81	1.84
89.84	1.81
89.86	1.80
89.89	1.82
89.91	1.80
89.93	1.78
89.96	1.80
89.98	1.81
90.01	1.78
90.03	1.78
90.06	1.79
90.08	1.74
90.10	1.77
90.13	1.79
90.15	1.74
90.18	1.76
90.20	1.78
90.23	1.74
90.25	1.73
90.28	1.77
90.30	1.74
90.32	1.71
90.35	1.75
90.37	1.75
90.40	1.70
90.42	1.72
90.45	1.75
90.47	1.70
90.50	1.71
90.52	1.74
90.54	1.70
90.57	1.67
90.59	1.72
90.62	1.70
90.64	1.66
90.67	1.69
90.69	1.71
90.72	1.66
90.74	1.68
90.76	1.68
90.79	1.65
90.81	1.66
90.84	1.67
90.86	1.65
90.89	1.65
90.91	1.67
90.94	1.65
90.96	1.63
90.98	1.65
91.01	1.64
91.03	1.61
91.06	1.63
91.08	1.63
91.11	1.60
91.13	1.61
91.15	1.63
91.18	1.60
91.20	1.59
91.23	1.62
91.25	1.60
91.28	1.58
91.30	1.60
91.33	1.60
91.35	1.56
91.37	1.58
91.40	1.59
91.42	1.56
91.45	1.57
91.47	1.59
91.50	1.57
91.52	1.55
91.55	1.57
91.57	1.57
91.59	1.54
91.62	1.57
91.64	1.57
91.67	1.54
91.69	1.55
91.72	1.57
91.74	1.54
91.77	1.53
91.79	1.56
91.81	1.54
91.84	1.52
91.86	1.55
91.89	1.55
91.91	1.52
91.94	1.54
91.96	1.55
91.99	1.52
92.01	1.52
92.03	1.55
92.06	1.52
92.08	1.52
92.11	1.54
92.13	1.53
92.16	1.50
92.18	1.53
92.20	1.53
92.23	1.50
92.25	1.51
92.28	1.53
92.30	1.50
92.33	1.49
92.35	1.52
92.38	1.50
92.40	1.49
92.42	1.51
92.45	1.51
92.47	1.48
92.50	1.52
92.52	1.50
92.55	1.46
92.57	1.50
92.60	1.51
92.62	1.46
92.64	1.48
92.67	1.52
92.69	1.47
92.72	1.47
92.74	1.50
92.77	1.48
92.79	1.45
92.82	1.50
92.84	1.49
92.86	1.43
92.89	1.45
92.91	1.48
92.94	1.42
92.96	1.44
92.99	1.47
93.01	1.44
93.04	1.42
93.06	1.47
93.08	1.45
93.11	1.41
93.13	1.45
93.16	1.44
93.18	1.42
93.21	1.45
93.23	1.45
93.25	1.42
93.28	1.44
93.30	1.45
93.33	1.42
93.35	1.43
93.38	1.45
93.40	1.43
93.43	1.42
93.45	1.44
93.47	1.43
93.50	1.41
93.52	1.47
93.55	1.47
93.57	1.44
93.60	1.46
93.62	1.48
93.65	1.45
93.67	1.45
93.69	1.48
93.72	1.46
93.74	1.45
93.77	1.47
93.79	1.47
93.82	1.45
93.84	1.47
93.87	1.48
93.89	1.45
93.91	1.46
93.94	1.48
93.96	1.46
93.99	1.46
94.01	1.49
94.04	1.48
94.06	1.46
94.09	1.49
94.11	1.49
94.13	1.47
94.16	1.48
94.18	1.50
94.21	1.47
94.23	1.47
94.26	1.50
94.28	1.48
94.31	1.47
94.33	1.50
94.35	1.50
94.38	1.47
94.40	1.49
94.43	1.50
94.45	1.48
94.48	1.49
94.50	1.52
94.52	1.49
94.55	1.49
94.57	1.52
94.60	1.51
94.62	1.49
94.65	1.51
94.67	1.52
94.70	1.49
94.72	1.51
94.74	1.53
94.77	1.50
94.79	1.50
94.82	1.53
94.84	1.52
94.87	1.50
94.89	1.53
94.92	1.53
94.94	1.51
94.96	1.55
94.99	1.53
95.01	1.50
95.04	1.55
95.06	1.55
95.09	1.51
95.11	1.54
95.14	1.57
95.16	1.53
95.18	1.54
95.21	1.58
95.23	1.55
95.26	1.53
95.28	1.59
95.31	1.57
95.33	1.54
95.36	1.57
95.38	1.59
95.40	1.55
95.43	1.57
95.45	1.61
95.48	1.57
95.50	1.57
95.53	1.62
95.55	1.60
95.57	1.57
95.60	1.62
95.62	1.60
95.65	1.59
95.67	1.62
95.70	1.61
95.72	1.60
95.75	1.62
95.77	1.63
95.79	1.61
95.82	1.62
95.84	1.64
95.87	1.62
95.89	1.62
95.92	1.65
95.94	1.64
95.97	1.63
95.99	1.66
96.01	1.66
96.04	1.64
96.06	1.66
96.09	1.67
96.11	1.65
96.14	1.66
96.16	1.69
96.19	1.67
96.21	1.66
96.23	1.69
96.26	1.69
96.28	1.67
96.31	1.70
96.33	1.71
96.36	1.69
96.38	1.70
96.41	1.73
96.43	1.71
96.45	1.71
96.48	1.74
96.50	1.73
96.53	1.71
96.55	1.74
96.58	1.75
96.60	1.73
96.62	1.75
96.65	1.77
96.67	1.74
96.70	1.75
96.72	1.76
96.75	1.74
96.77	1.73
96.80	1.76
96.82	1.76
96.84	1.74
96.87	1.77
96.89	1.78
96.92	1.76
96.94	1.78
96.97	1.80
96.99	1.78
97.02	1.78
97.04	1.82
97.06	1.81
97.09	1.80
97.11	1.81
97.14	1.82
97.16	1.80
97.19	1.82
97.21	1.84
97.24	1.82
97.26	1.82
97.28	1.85
97.31	1.84
97.33	1.83
97.36	1.87
97.38	1.87
97.41	1.87
97.43	1.92
97.46	1.90
97.48	1.88
97.50	1.93
97.53	1.93
97.55	1.89
97.58	1.93
97.60	1.95
97.63	1.91
97.65	1.93
97.68	1.98
97.70	1.95
97.72	1.94
97.75	1.99
97.77	1.99
97.80	1.96
97.82	2.01
97.85	2.03
97.87	1.99
97.89	2.02
97.92	2.05
97.94	2.02
97.97	2.02
97.99	2.07
98.02	2.05
98.04	2.05
98.07	2.08
98.09	2.06
98.11	2.07
98.14	2.10
98.16	2.10
98.19	2.08
98.21	2.12
98.24	2.13
98.26	2.10
98.29	2.12
98.31	2.15
98.33	2.13
98.36	2.14
98.38	2.17
98.41	2.16
98.43	2.15
98.46	2.18
98.48	2.17
98.51	2.15
98.53	2.18
98.55	2.20
98.58	2.18
98.60	2.19
98.63	2.22
98.65	2.21
98.68	2.20
98.70	2.19
98.73	2.15
98.75	2.14
98.77	2.14
98.80	2.10
98.82	2.07
98.85	2.08
98.87	2.05
98.90	2.01
98.92	2.01
98.94	2.00
98.97	1.95
98.99	1.94
