#U1/V	IA/nA
0.02	0.21
0.04	0.20
0.07	0.19
0.09	0.20
0.12	0.19
0.14	0.18
0.17	0.17
0.19	0.17
0.21	0.15
0.24	0.14
0.26	0.15
0.29	0.13
0.31	0.12
0.34	0.13
0.36	0.12
0.39	0.12
0.41	0.13
0.43	0.12
0.46	0.12
0.48	0.12
0.51	0.11
0.53	0.11
0.56	0.11
0.58	0.13
0.61	0.12
0.63	0.12
0.65	0.14
0.68	0.12
0.70	0.12
0.73	0.13
0.75	0.11
0.78	0.11
0.80	0.11
0.83	0.12
0.85	0.11
0.87	0.11
0.90	0.13
0.92	0.12
0.95	0.12
0.97	0.14
1.00	0.12
1.02	0.12
1.05	0.12
1.07	0.11
1.09	0.11
1.12	0.11
1.14	0.12
1.17	0.11
1.19	0.11
1.22	0.12
1.24	0.10
1.26	0.10
1.29	0.12
1.31	0.11
1.34	0.11
1.36	0.11
1.39	0.12
1.41	0.12
1.44	0.12
1.46	0.12
1.48	0.11
1.51	0.11
1.53	0.13
1.56	0.11
1.58	0.11
1.61	0.12
1.63	0.11
1.66	0.11
1.68	0.11
1.70	0.12
1.73	0.11
1.75	0.11
1.78	0.13
1.80	0.12
1.83	0.12
1.85	0.13
1.88	0.12
1.90	0.12
1.92	0.12
1.95	0.12
1.97	0.12
2.00	0.12
2.02	0.13
2.05	0.12
2.07	0.12
2.10	0.14
2.12	0.13
2.14	0.13
2.17	0.13
2.19	0.12
2.22	0.12
2.24	0.12
2.27	0.13
2.29	0.13
2.31	0.13
2.34	0.14
2.36	0.13
2.39	0.13
2.41	0.14
2.44	0.13
2.46	0.13
2.49	0.13
2.51	0.13
2.53	0.13
2.56	0.13
2.58	0.14
2.61	0.13
2.63	0.13
2.66	0.14
2.68	0.12
2.71	0.12
2.73	0.12
2.75	0.11
2.78	0.11
2.80	0.11
2.83	0.12
2.85	0.11
2.88	0.11
2.90	0.13
2.93	0.11
2.95	0.11
2.97	0.13
3.00	0.11
3.02	0.11
3.05	0.11
3.07	0.11
3.10	0.11
3.12	0.11
3.15	0.13
3.17	0.11
3.19	0.11
3.22	0.13
3.24	0.11
3.27	0.11
3.29	0.12
3.32	0.11
3.34	0.11
3.36	0.11
3.39	0.11
3.41	0.11
3.44	0.11
3.46	0.13
3.49	0.12
3.51	0.12
3.54	0.13
3.56	0.12
3.58	0.12
3.61	0.12
3.63	0.11
3.66	0.11
3.68	0.11
3.71	0.13
3.73	0.12
3.76	0.11
3.78	0.13
3.80	0.11
3.83	0.11
3.85	0.12
3.88	0.11
3.90	0.11
3.93	0.11
3.95	0.12
3.98	0.11
4.00	0.11
4.02	0.13
4.05	0.12
4.07	0.13
4.10	0.13
4.12	0.11
4.15	0.11
4.17	0.12
4.20	0.11
4.22	0.11
4.24	0.11
4.27	0.12
4.29	0.11
4.32	0.11
4.34	0.13
4.37	0.11
4.39	0.12
4.42	0.12
4.44	0.12
4.46	0.12
4.49	0.12
4.51	0.12
4.54	0.12
4.56	0.12
4.59	0.13
4.61	0.12
4.63	0.12
4.66	0.14
4.68	0.12
4.71	0.12
4.73	0.12
4.76	0.12
4.78	0.12
4.81	0.12
4.83	0.14
4.85	0.13
4.88	0.13
4.90	0.16
4.93	0.14
4.95	0.14
4.98	0.14
5.00	0.13
5.03	0.13
5.05	0.13
5.07	0.14
5.10	0.13
5.12	0.13
5.15	0.14
5.17	0.13
5.20	0.13
5.22	0.14
5.25	0.13
5.27	0.13
5.29	0.13
5.32	0.12
5.34	0.12
5.37	0.12
5.39	0.14
5.42	0.13
5.44	0.13
5.47	0.14
5.49	0.12
5.51	0.12
5.54	0.13
5.56	0.12
5.59	0.12
5.61	0.12
5.64	0.13
5.66	0.12
5.68	0.12
5.71	0.14
5.73	0.13
5.76	0.13
5.78	0.13
5.81	0.12
5.83	0.12
5.86	0.12
5.88	0.12
5.90	0.12
5.93	0.12
5.95	0.13
5.98	0.13
6.00	0.13
6.03	0.14
6.05	0.12
6.08	0.12
6.10	0.13
6.12	0.13
6.15	0.13
6.17	0.13
6.20	0.14
6.22	0.13
6.25	0.13
6.27	0.15
6.30	0.13
6.32	0.13
6.34	0.15
6.37	0.14
6.39	0.14
6.42	0.14
6.44	0.14
6.47	0.14
6.49	0.14
6.52	0.16
6.54	0.15
6.56	0.15
6.59	0.17
6.61	0.15
6.64	0.15
6.66	0.16
6.69	0.16
6.71	0.16
6.73	0.16
6.76	0.17
6.78	0.16
6.81	0.16
6.83	0.17
6.86	0.16
6.88	0.16
6.91	0.18
6.93	0.17
6.95	0.17
6.98	0.17
7.00	0.17
7.03	0.16
7.05	0.16
7.08	0.18
7.10	0.17
7.13	0.17
7.15	0.19
7.17	0.17
7.20	0.17
7.22	0.18
7.25	0.16
7.27	0.17
7.30	0.17
7.32	0.17
7.35	0.16
7.37	0.16
7.39	0.18
7.42	0.16
7.44	0.16
7.47	0.18
7.49	0.16
7.52	0.16
7.54	0.17
7.57	0.15
7.59	0.15
7.61	0.15
7.64	0.16
7.66	0.15
7.69	0.15
7.71	0.16
7.74	0.14
7.76	0.14
7.78	0.15
7.81	0.14
7.83	0.14
7.86	0.14
7.88	0.15
7.91	0.14
7.93	0.14
7.96	0.16
7.98	0.15
8.00	0.15
8.03	0.15
8.05	0.14
8.08	0.14
8.10	0.15
8.13	0.15
8.15	0.14
8.18	0.14
8.20	0.16
8.22	0.15
8.25	0.15
8.27	0.17
8.30	0.15
8.32	0.15
8.35	0.15
8.37	0.15
8.40	0.15
8.42	0.15
8.44	0.15
8.47	0.15
8.49	0.15
8.52	0.17
8.54	0.15
8.57	0.15
8.59	0.17
8.62	0.15
8.64	0.15
8.66	0.16
8.69	0.16
8.71	0.16
8.74	0.16
8.76	0.17
8.79	0.16
8.81	0.16
8.84	0.18
8.86	0.16
8.88	0.16
8.91	0.17
8.93	0.16
8.96	0.16
8.98	0.16
9.01	0.18
9.03	0.18
9.05	0.18
9.08	0.20
9.10	0.18
9.13	0.18
9.15	0.19
9.18	0.18
9.20	0.18
9.23	0.18
9.25	0.18
9.27	0.17
9.30	0.17
9.32	0.19
9.35	0.17
9.37	0.17
9.40	0.19
9.42	0.17
9.45	0.17
9.47	0.19
9.49	0.17
9.52	0.17
9.54	0.18
9.57	0.18
9.59	0.17
9.62	0.17
9.64	0.19
9.67	0.17
9.69	0.17
9.71	0.19
9.74	0.18
9.76	0.18
9.79	0.18
9.81	0.19
9.84	0.19
9.86	0.19
9.89	0.20
9.91	0.19
9.93	0.19
9.96	0.21
9.98	0.19
10.01	0.19
10.03	0.21
10.06	0.20
10.08	0.20
10.10	0.20
10.13	0.20
10.15	0.19
10.18	0.19
10.20	0.21
10.23	0.19
10.25	0.19
10.28	0.21
10.30	0.19
10.32	0.19
10.35	0.20
10.37	0.19
10.40	0.18
10.42	0.18
10.45	0.20
10.47	0.18
10.50	0.18
10.52	0.21
10.54	0.19
10.57	0.19
10.59	0.20
10.62	0.19
10.64	0.19
10.67	0.19
10.69	0.19
10.72	0.18
10.74	0.18
10.76	0.20
10.79	0.18
10.81	0.18
10.84	0.21
10.86	0.19
10.89	0.19
10.91	0.20
10.94	0.20
10.96	0.20
10.98	0.20
11.01	0.22
11.03	0.20
11.06	0.20
11.08	0.22
11.11	0.20
11.13	0.20
11.15	0.22
11.18	0.21
11.20	0.21
11.23	0.22
11.25	0.22
11.28	0.21
11.30	0.21
11.33	0.23
11.35	0.22
11.37	0.22
11.40	0.24
11.42	0.22
11.45	0.22
11.47	0.23
11.50	0.22
11.52	0.22
11.55	0.22
11.57	0.23
11.59	0.22
11.62	0.22
11.64	0.25
11.67	0.22
11.69	0.22
11.72	0.23
11.74	0.22
11.77	0.22
11.79	0.23
11.81	0.23
11.84	0.22
11.86	0.22
11.89	0.24
11.91	0.22
11.94	0.22
11.96	0.24
11.99	0.22
12.01	0.22
12.03	0.23
12.06	0.23
12.08	0.23
12.11	0.23
12.13	0.24
12.16	0.22
12.18	0.22
12.21	0.25
12.23	0.22
12.25	0.22
12.28	0.24
12.30	0.22
12.33	0.22
12.35	0.23
12.38	0.24
12.40	0.23
12.42	0.23
12.45	0.25
12.47	0.23
12.50	0.23
12.52	0.25
12.55	0.22
12.57	0.22
12.60	0.24
12.62	0.23
12.64	0.22
12.67	0.23
12.69	0.24
12.72	0.22
12.74	0.22
12.77	0.25
12.79	0.23
12.82	0.23
12.84	0.24
12.86	0.23
12.89	0.23
12.91	0.24
12.94	0.24
12.96	0.23
12.99	0.23
13.01	0.25
13.04	0.23
13.06	0.23
13.08	0.25
13.11	0.23
13.13	0.23
13.16	0.25
13.18	0.25
13.21	0.24
13.23	0.24
13.26	0.26
13.28	0.24
13.30	0.24
13.33	0.27
13.35	0.24
13.38	0.24
13.40	0.26
13.43	0.25
13.45	0.25
13.47	0.26
13.50	0.27
13.52	0.25
13.55	0.25
13.57	0.27
13.60	0.25
13.62	0.25
13.65	0.27
13.67	0.25
13.69	0.25
13.72	0.27
13.74	0.26
13.77	0.25
13.79	0.26
13.82	0.27
13.84	0.25
13.87	0.25
13.89	0.28
13.91	0.25
13.94	0.25
13.96	0.27
13.99	0.26
14.01	0.26
14.04	0.27
14.06	0.27
14.09	0.26
14.11	0.26
14.13	0.27
14.16	0.25
14.18	0.25
14.21	0.27
14.23	0.25
14.26	0.25
14.28	0.27
14.31	0.26
14.33	0.26
14.35	0.26
14.38	0.27
14.40	0.25
14.43	0.25
14.45	0.28
14.48	0.25
14.50	0.25
14.52	0.27
14.55	0.26
14.57	0.26
14.60	0.27
14.62	0.28
14.65	0.26
14.67	0.26
14.70	0.28
14.72	0.26
14.74	0.26
14.77	0.29
14.79	0.27
14.82	0.27
14.84	0.29
14.87	0.29
14.89	0.28
14.92	0.29
14.94	0.30
14.96	0.28
14.99	0.28
15.01	0.30
15.04	0.28
15.06	0.28
15.09	0.30
15.11	0.28
15.14	0.28
15.16	0.30
15.18	0.30
15.21	0.28
15.23	0.28
15.26	0.30
15.28	0.27
15.31	0.28
15.33	0.29
15.36	0.27
15.38	0.27
15.40	0.29
15.43	0.29
15.45	0.28
15.48	0.28
15.50	0.29
15.53	0.27
15.55	0.27
15.57	0.29
15.60	0.27
15.62	0.27
15.65	0.29
15.67	0.27
15.70	0.27
15.72	0.29
15.75	0.29
15.77	0.28
15.79	0.28
15.82	0.30
15.84	0.28
15.87	0.28
15.89	0.30
15.92	0.28
15.94	0.28
15.97	0.29
15.99	0.29
16.01	0.28
16.04	0.29
16.06	0.30
16.09	0.27
16.11	0.27
16.14	0.30
16.16	0.27
16.19	0.27
16.21	0.29
16.23	0.28
16.26	0.28
16.28	0.29
16.31	0.28
16.33	0.27
16.36	0.27
16.38	0.29
16.41	0.26
16.43	0.26
16.45	0.28
16.48	0.25
16.50	0.26
16.53	0.27
16.55	0.27
16.58	0.26
16.60	0.26
16.63	0.27
16.65	0.25
16.67	0.25
16.70	0.27
16.72	0.24
16.75	0.25
16.77	0.27
16.80	0.24
16.82	0.24
16.84	0.26
16.87	0.26
16.89	0.25
16.92	0.25
16.94	0.26
16.97	0.24
16.99	0.24
17.02	0.27
17.04	0.24
17.06	0.24
17.09	0.25
17.11	0.24
17.14	0.24
17.16	0.25
17.19	0.25
17.21	0.23
17.24	0.23
17.26	0.25
17.28	0.23
17.31	0.23
17.33	0.25
17.36	0.23
17.38	0.23
17.41	0.25
17.43	0.24
17.46	0.23
17.48	0.23
17.50	0.24
17.53	0.22
17.55	0.22
17.58	0.24
17.60	0.21
17.63	0.21
17.65	0.23
17.68	0.22
17.70	0.21
17.72	0.22
17.75	0.23
17.77	0.21
17.80	0.21
17.82	0.23
17.85	0.20
17.87	0.20
17.89	0.22
17.92	0.20
17.94	0.20
17.97	0.21
17.99	0.21
18.02	0.19
18.04	0.19
18.07	0.21
18.09	0.20
18.11	0.20
18.14	0.21
18.16	0.19
18.19	0.19
18.21	0.20
18.24	0.19
18.26	0.19
18.29	0.19
18.31	0.19
18.33	0.18
18.36	0.18
18.38	0.20
18.41	0.18
18.43	0.18
18.46	0.19
18.48	0.17
18.51	0.17
18.53	0.18
18.55	0.17
18.58	0.17
18.60	0.17
18.63	0.18
18.65	0.16
18.68	0.17
18.70	0.18
18.73	0.15
18.75	0.15
18.77	0.17
18.80	0.16
18.82	0.16
18.85	0.16
18.87	0.17
18.90	0.16
18.92	0.16
18.94	0.18
18.97	0.17
18.99	0.17
19.02	0.18
19.04	0.16
19.07	0.16
19.09	0.17
19.12	0.18
19.14	0.17
19.16	0.17
19.19	0.18
19.21	0.16
19.24	0.16
19.26	0.18
19.29	0.16
19.31	0.16
19.34	0.18
19.36	0.17
19.38	0.17
19.41	0.17
19.43	0.17
19.46	0.16
19.48	0.16
19.51	0.18
19.53	0.16
19.56	0.16
19.58	0.17
19.60	0.15
19.63	0.15
19.65	0.16
19.68	0.16
19.70	0.15
19.73	0.15
19.75	0.16
19.78	0.15
19.80	0.15
19.82	0.17
19.85	0.15
19.87	0.15
19.90	0.16
19.92	0.15
19.95	0.15
19.97	0.16
19.99	0.16
20.02	0.15
20.04	0.15
20.07	0.17
20.09	0.15
20.12	0.15
20.14	0.17
20.17	0.15
20.19	0.15
20.21	0.16
20.24	0.15
20.26	0.15
20.29	0.15
20.31	0.16
20.34	0.15
20.36	0.15
20.39	0.17
20.41	0.15
20.43	0.15
20.46	0.17
20.48	0.15
20.51	0.15
20.53	0.16
20.56	0.16
20.58	0.15
20.61	0.15
20.63	0.17
20.65	0.15
20.68	0.15
20.70	0.17
20.73	0.16
20.75	0.16
20.78	0.16
20.80	0.16
20.83	0.16
20.85	0.16
20.87	0.17
20.90	0.16
20.92	0.16
20.95	0.18
20.97	0.16
21.00	0.16
21.02	0.17
21.05	0.15
21.07	0.15
21.09	0.16
21.12	0.15
21.14	0.15
21.17	0.15
21.19	0.16
21.22	0.15
21.24	0.15
21.26	0.17
21.29	0.15
21.31	0.15
21.34	0.15
21.36	0.14
21.39	0.14
21.41	0.14
21.44	0.16
21.46	0.15
21.48	0.15
21.51	0.17
21.53	0.15
21.56	0.15
21.58	0.16
21.61	0.15
21.63	0.15
21.66	0.16
21.68	0.16
21.70	0.16
21.73	0.16
21.75	0.18
21.78	0.17
21.80	0.17
21.83	0.18
21.85	0.16
21.88	0.16
21.90	0.18
21.92	0.18
21.95	0.18
21.97	0.18
22.00	0.21
22.02	0.19
22.05	0.19
22.07	0.22
22.10	0.20
22.12	0.20
22.14	0.23
22.17	0.24
22.19	0.24
22.22	0.26
22.24	0.27
22.27	0.26
22.29	0.27
22.31	0.30
22.34	0.29
22.36	0.29
22.39	0.33
22.41	0.32
22.44	0.32
22.46	0.35
22.49	0.37
22.51	0.37
22.53	0.40
22.56	0.43
22.58	0.42
22.61	0.42
22.63	0.46
22.66	0.45
22.68	0.46
22.71	0.50
22.73	0.51
22.75	0.51
22.78	0.55
22.80	0.57
22.83	0.56
22.85	0.59
22.88	0.63
22.90	0.62
22.93	0.64
22.95	0.70
22.97	0.70
23.00	0.71
23.02	0.77
23.05	0.79
23.07	0.78
23.10	0.82
23.12	0.85
23.15	0.85
23.17	0.88
23.19	0.94
23.22	0.94
23.24	0.96
23.27	1.02
23.29	1.04
23.32	1.04
23.34	1.10
23.36	1.13
23.39	1.13
23.41	1.18
23.44	1.22
23.46	1.22
23.49	1.26
23.51	1.31
23.54	1.32
23.56	1.34
23.58	1.40
23.61	1.41
23.63	1.43
23.66	1.49
23.68	1.53
23.71	1.53
23.73	1.58
23.76	1.63
23.78	1.63
23.80	1.66
23.83	1.72
23.85	1.73
23.88	1.75
23.90	1.81
23.93	1.84
23.95	1.84
23.98	1.89
24.00	1.93
24.02	1.94
24.05	1.97
24.07	2.03
24.10	2.04
24.12	2.06
24.15	2.12
24.17	2.14
24.20	2.15
24.22	2.20
24.24	2.23
24.27	2.24
24.29	2.27
24.32	2.32
24.34	2.31
24.37	2.34
24.39	2.39
24.42	2.40
24.44	2.42
24.46	2.47
24.49	2.51
24.51	2.50
24.54	2.54
24.56	2.57
24.59	2.57
24.61	2.61
24.63	2.66
24.66	2.66
24.68	2.67
24.71	2.72
24.73	2.73
24.76	2.74
24.78	2.79
24.81	2.82
24.83	2.81
24.85	2.84
24.88	2.89
24.90	2.88
24.93	2.90
24.95	2.95
24.98	2.95
25.00	2.97
25.03	3.01
25.05	3.03
25.07	3.03
25.10	3.07
25.12	3.10
25.15	3.09
25.17	3.12
25.20	3.16
25.22	3.16
25.25	3.17
25.27	3.22
25.29	3.23
25.32	3.23
25.34	3.28
25.37	3.30
25.39	3.30
25.42	3.32
25.44	3.36
25.47	3.35
25.49	3.36
25.51	3.41
25.54	3.41
25.56	3.41
25.59	3.46
25.61	3.48
25.64	3.46
25.66	3.50
25.68	3.53
25.71	3.52
25.73	3.54
25.76	3.58
25.78	3.57
25.81	3.58
25.83	3.63
25.86	3.63
25.88	3.63
25.90	3.67
25.93	3.69
25.95	3.68
25.98	3.71
26.00	3.74
26.03	3.72
26.05	3.74
26.08	3.78
26.10	3.77
26.12	3.78
26.15	3.82
26.17	3.83
26.20	3.82
26.22	3.85
26.25	3.88
26.27	3.85
26.30	3.88
26.32	3.92
26.34	3.90
26.37	3.91
26.39	3.95
26.42	3.95
26.44	3.94
26.47	3.98
26.49	4.00
26.52	3.98
26.54	4.01
26.56	4.03
26.59	4.02
26.61	4.03
26.64	4.07
26.66	4.06
26.69	4.06
26.71	4.10
26.73	4.11
26.76	4.09
26.78	4.13
26.81	4.13
26.83	4.12
26.86	4.18
26.88	4.19
26.91	4.16
26.93	4.21
26.95	4.23
26.98	4.19
27.00	4.22
27.03	4.27
27.05	4.25
27.08	4.24
27.10	4.31
27.13	4.30
27.15	4.27
27.17	4.32
27.20	4.34
27.22	4.31
27.25	4.34
27.27	4.38
27.30	4.35
27.32	4.36
27.35	4.41
27.37	4.39
27.39	4.38
27.42	4.43
27.44	4.43
27.47	4.42
27.49	4.45
27.52	4.44
27.54	4.43
27.57	4.47
27.59	4.48
27.61	4.47
27.64	4.50
27.66	4.51
27.69	4.50
27.71	4.51
27.74	4.54
27.76	4.52
27.78	4.52
27.81	4.56
27.83	4.56
27.86	4.55
27.88	4.58
27.91	4.60
27.93	4.58
27.96	4.60
27.98	4.63
28.00	4.61
28.03	4.62
28.05	4.66
28.08	4.65
28.10	4.64
28.13	4.68
28.15	4.69
28.18	4.66
28.20	4.69
28.22	4.71
28.25	4.69
28.27	4.70
28.30	4.73
28.32	4.73
28.35	4.72
28.37	4.76
28.40	4.76
28.42	4.76
28.44	4.79
28.47	4.80
28.49	4.79
28.52	4.81
28.54	4.84
28.57	4.81
28.59	4.81
28.62	4.85
28.64	4.85
28.66	4.84
28.69	4.88
28.71	4.89
28.74	4.85
28.76	4.88
28.79	4.90
28.81	4.88
28.84	4.90
28.86	4.93
28.88	4.92
28.91	4.91
28.93	4.95
28.96	4.94
28.98	4.92
29.01	4.95
29.03	4.97
29.05	4.95
29.08	4.95
29.10	4.98
29.13	4.96
29.15	4.96
29.18	4.99
29.20	4.98
29.23	4.98
29.25	5.01
29.27	5.02
29.30	4.99
29.32	5.01
29.35	5.03
29.37	5.00
29.40	5.02
29.42	5.06
29.45	5.04
29.47	5.04
29.49	5.08
29.52	5.07
29.54	5.05
29.57	5.09
29.59	5.10
29.62	5.08
29.64	5.11
29.67	5.13
29.69	5.11
29.71	5.11
29.74	5.15
29.76	5.14
29.79	5.13
29.81	5.16
29.84	5.16
29.86	5.14
29.89	5.17
29.91	5.18
29.93	5.17
29.96	5.19
29.98	5.21
30.01	5.20
30.03	5.19
30.06	5.23
30.08	5.22
30.10	5.20
30.13	5.24
30.15	5.24
30.18	5.22
30.20	5.24
30.23	5.27
30.25	5.25
30.28	5.25
30.30	5.29
30.32	5.28
30.35	5.27
30.37	5.30
30.40	5.30
30.42	5.28
30.45	5.32
30.47	5.34
30.50	5.32
30.52	5.33
30.54	5.35
30.57	5.33
30.59	5.33
30.62	5.35
30.64	5.36
30.67	5.34
30.69	5.37
30.72	5.38
30.74	5.36
30.76	5.39
30.79	5.41
30.81	5.38
30.84	5.39
30.86	5.42
30.89	5.41
30.91	5.40
30.94	5.43
30.96	5.43
30.98	5.42
31.01	5.44
31.03	5.45
31.06	5.43
31.08	5.44
31.11	5.47
31.13	5.45
31.15	5.45
31.18	5.47
31.20	5.47
31.23	5.45
31.25	5.49
31.28	5.50
31.30	5.48
31.33	5.50
31.35	5.53
31.37	5.51
31.40	5.51
31.42	5.54
31.45	5.52
31.47	5.51
31.50	5.54
31.52	5.54
31.55	5.52
31.57	5.54
31.59	5.56
31.62	5.53
31.64	5.54
31.67	5.57
31.69	5.55
31.72	5.55
31.74	5.58
31.77	5.57
31.79	5.54
31.81	5.57
31.84	5.57
31.86	5.56
31.89	5.58
31.91	5.59
31.94	5.57
31.96	5.57
31.99	5.59
32.01	5.56
32.03	5.55
32.06	5.58
32.08	5.58
32.11	5.55
32.13	5.57
32.16	5.58
32.18	5.55
32.20	5.55
32.23	5.57
32.25	5.54
32.28	5.53
32.30	5.55
32.33	5.53
32.35	5.51
32.38	5.53
32.40	5.53
32.42	5.49
32.45	5.51
32.47	5.51
32.50	5.48
32.52	5.46
32.55	5.47
32.57	5.44
32.60	5.42
32.62	5.43
32.64	5.41
32.67	5.37
32.69	5.38
32.72	5.37
32.74	5.32
32.77	5.32
32.79	5.32
32.82	5.27
32.84	5.25
32.86	5.26
32.89	5.24
32.91	5.20
32.94	5.20
32.96	5.18
32.99	5.13
33.01	5.12
33.04	5.11
33.06	5.06
33.08	5.05
33.11	5.06
33.13	5.01
33.16	4.98
33.18	4.98
33.21	4.96
33.23	4.90
33.26	4.89
33.28	4.87
33.30	4.82
33.33	4.81
33.35	4.80
33.38	4.75
33.40	4.72
33.43	4.72
33.45	4.67
33.47	4.63
33.50	4.63
33.52	4.60
33.55	4.55
33.57	4.53
33.60	4.52
33.62	4.46
33.65	4.44
33.67	4.44
33.69	4.40
33.72	4.35
33.74	4.34
33.77	4.29
33.79	4.24
33.82	4.23
33.84	4.21
33.87	4.16
33.89	4.14
33.91	4.13
33.94	4.07
33.96	4.03
33.99	4.03
34.01	4.00
34.04	3.95
34.06	3.94
34.09	3.91
34.11	3.85
34.13	3.84
34.16	3.82
34.18	3.77
34.21	3.74
34.23	3.73
34.26	3.67
34.28	3.63
34.31	3.63
34.33	3.58
34.35	3.53
34.38	3.52
34.40	3.50
34.43	3.44
34.45	3.42
34.48	3.41
34.50	3.35
34.52	3.32
34.55	3.32
34.57	3.27
34.60	3.22
34.62	3.22
34.65	3.19
34.67	3.13
34.70	3.12
34.72	3.10
34.74	3.05
34.77	3.02
34.79	3.02
34.82	2.97
34.84	2.93
34.87	2.92
34.89	2.89
34.92	2.83
34.94	2.83
34.96	2.80
34.99	2.74
35.01	2.72
35.04	2.71
35.06	2.66
35.09	2.63
35.11	2.63
35.14	2.59
35.16	2.55
35.18	2.54
35.21	2.51
35.23	2.46
35.26	2.46
35.28	2.45
35.31	2.39
35.33	2.36
35.36	2.36
35.38	2.31
35.40	2.27
35.43	2.28
35.45	2.25
35.48	2.18
35.50	2.18
35.53	2.17
35.55	2.12
35.57	2.10
35.60	2.10
35.62	2.05
35.65	2.02
35.67	2.03
35.70	1.98
35.72	1.95
35.75	1.95
35.77	1.93
35.79	1.88
35.82	1.87
35.84	1.87
35.87	1.81
35.89	1.79
35.92	1.80
35.94	1.76
35.97	1.73
35.99	1.73
36.01	1.69
36.04	1.65
36.06	1.66
36.09	1.64
36.11	1.59
36.14	1.58
36.16	1.58
36.19	1.53
36.21	1.51
36.23	1.52
36.26	1.49
36.28	1.45
36.31	1.46
36.33	1.44
36.36	1.40
36.38	1.39
36.41	1.38
36.43	1.34
36.45	1.32
36.48	1.34
36.50	1.30
36.53	1.27
36.55	1.28
36.58	1.25
36.60	1.20
36.62	1.21
36.65	1.20
36.67	1.18
36.70	1.17
36.72	1.16
36.75	1.12
36.77	1.11
36.80	1.12
36.82	1.09
36.84	1.05
36.87	1.07
36.89	1.04
36.92	1.00
36.94	1.00
36.97	1.00
36.99	0.96
37.02	0.95
37.04	0.97
37.06	0.93
37.09	0.91
37.11	0.92
37.14	0.89
37.16	0.85
37.19	0.86
37.21	0.86
37.24	0.81
37.26	0.81
37.28	0.81
37.31	0.77
37.33	0.75
37.36	0.77
37.38	0.75
37.41	0.72
37.43	0.73
37.46	0.72
37.48	0.68
37.50	0.69
37.53	0.69
37.55	0.65
37.58	0.65
37.60	0.67
37.63	0.62
37.65	0.61
37.68	0.62
37.70	0.60
37.72	0.57
37.75	0.58
37.77	0.58
37.80	0.54
37.82	0.54
37.85	0.55
37.87	0.52
37.89	0.51
37.92	0.54
37.94	0.52
37.97	0.50
37.99	0.52
38.02	0.51
38.04	0.48
38.07	0.49
38.09	0.50
38.11	0.46
38.14	0.46
38.16	0.48
38.19	0.46
38.21	0.45
38.24	0.47
38.26	0.46
38.29	0.45
38.31	0.47
38.33	0.48
38.36	0.45
38.38	0.46
38.41	0.48
38.43	0.46
38.46	0.47
38.48	0.50
38.51	0.50
38.53	0.49
38.55	0.53
38.58	0.53
38.60	0.51
38.63	0.54
38.65	0.57
38.68	0.57
38.70	0.59
38.73	0.64
38.75	0.63
38.77	0.65
38.80	0.70
38.82	0.72
38.85	0.71
38.87	0.76
38.90	0.80
38.92	0.80
38.94	0.83
38.97	0.88
38.99	0.89
39.02	0.92
39.04	0.97
39.07	0.98
39.09	1.00
39.12	1.06
39.14	1.09
39.16	1.09
39.19	1.15
39.21	1.19
39.24	1.19
39.26	1.23
39.29	1.29
39.31	1.30
39.34	1.32
39.36	1.38
39.38	1.40
39.41	1.41
39.43	1.47
39.46	1.51
39.48	1.51
39.51	1.57
39.53	1.62
39.56	1.61
39.58	1.64
39.60	1.69
39.63	1.71
39.65	1.72
39.68	1.78
39.70	1.82
39.73	1.79
39.75	1.84
39.78	1.88
39.80	1.89
39.82	1.92
39.85	1.98
39.87	1.98
39.90	2.00
39.92	2.06
39.95	2.07
39.97	2.07
39.99	2.13
40.02	2.16
40.04	2.16
40.07	2.20
40.09	2.24
40.12	2.24
40.14	2.27
40.17	2.32
40.19	2.33
40.21	2.34
40.24	2.40
40.26	2.42
40.29	2.42
40.31	2.47
40.34	2.51
40.36	2.51
40.39	2.56
40.41	2.62
40.43	2.62
40.46	2.64
40.48	2.70
40.51	2.71
40.53	2.71
40.56	2.76
40.58	2.80
40.61	2.81
40.63	2.85
40.65	2.90
40.68	2.90
40.70	2.92
40.73	2.98
40.75	2.99
40.78	3.00
40.80	3.06
40.83	3.09
40.85	3.09
40.87	3.14
40.90	3.18
40.92	3.19
40.95	3.24
40.97	3.29
41.00	3.29
41.02	3.32
41.05	3.38
41.07	3.39
41.09	3.41
41.12	3.47
41.14	3.50
41.17	3.51
41.19	3.56
41.22	3.61
41.24	3.61
41.26	3.64
41.29	3.70
41.31	3.71
41.34	3.73
41.36	3.78
41.39	3.81
41.41	3.81
41.44	3.87
41.46	3.91
41.48	3.91
41.51	3.96
41.53	4.00
41.56	4.01
41.58	4.03
41.61	4.09
41.63	4.11
41.66	4.12
41.68	4.18
41.70	4.20
41.73	4.21
41.75	4.25
41.78	4.29
41.80	4.29
41.83	4.33
41.85	4.37
41.88	4.37
41.90	4.39
41.92	4.44
41.95	4.47
41.97	4.47
42.00	4.51
42.02	4.55
42.05	4.55
42.07	4.59
42.10	4.64
42.12	4.64
42.14	4.66
42.17	4.72
42.19	4.73
42.22	4.73
42.24	4.79
42.27	4.81
42.29	4.80
42.31	4.85
42.34	4.89
42.36	4.89
42.39	4.91
42.41	4.96
42.44	4.96
42.46	4.98
42.49	5.03
42.51	5.05
42.53	5.05
42.56	5.10
42.58	5.13
42.61	5.13
42.63	5.17
42.66	5.22
42.68	5.22
42.71	5.24
42.73	5.29
42.75	5.30
42.78	5.30
42.80	5.35
42.83	5.37
42.85	5.38
42.88	5.42
42.90	5.46
42.93	5.46
42.95	5.49
42.97	5.54
43.00	5.53
43.02	5.54
43.05	5.60
43.07	5.63
43.10	5.63
43.12	5.67
43.15	5.70
43.17	5.70
43.19	5.73
43.22	5.77
43.24	5.77
43.27	5.78
43.29	5.83
43.32	5.84
43.34	5.83
43.36	5.89
43.39	5.91
43.41	5.90
43.44	5.95
43.46	5.98
43.49	5.97
43.51	5.99
43.54	6.04
43.56	6.04
43.58	6.05
43.61	6.10
43.63	6.11
43.66	6.10
43.68	6.14
43.71	6.17
43.73	6.15
43.76	6.19
43.78	6.22
43.80	6.21
43.83	6.23
43.85	6.27
43.88	6.29
43.90	6.28
43.93	6.32
43.95	6.34
43.98	6.33
44.00	6.37
44.02	6.40
44.05	6.39
44.07	6.42
44.10	6.47
44.12	6.46
44.15	6.47
44.17	6.52
44.20	6.52
44.22	6.52
44.24	6.56
44.27	6.59
44.29	6.58
44.32	6.62
44.34	6.66
44.37	6.64
44.39	6.66
44.41	6.70
44.44	6.70
44.46	6.71
44.49	6.75
44.51	6.78
44.54	6.76
44.56	6.80
44.59	6.83
44.61	6.82
44.63	6.84
44.66	6.89
44.68	6.89
44.71	6.89
44.73	6.93
44.76	6.93
44.78	6.93
44.81	6.97
44.83	6.99
44.85	6.98
44.88	7.00
44.90	7.04
44.93	7.02
44.95	7.03
44.98	7.08
45.00	7.08
45.03	7.09
45.05	7.13
45.07	7.14
45.10	7.13
45.12	7.16
45.15	7.19
45.17	7.18
45.20	7.20
45.22	7.25
45.25	7.24
45.27	7.24
45.29	7.29
45.32	7.29
45.34	7.28
45.37	7.33
45.39	7.35
45.42	7.36
45.44	7.38
45.47	7.41
45.49	7.41
45.51	7.43
45.54	7.47
45.56	7.47
45.59	7.47
45.61	7.51
45.64	7.52
45.66	7.50
45.68	7.53
45.71	7.55
45.73	7.54
45.76	7.56
45.78	7.60
45.81	7.59
45.83	7.60
45.86	7.63
45.88	7.64
45.90	7.63
45.93	7.67
45.95	7.68
45.98	7.67
46.00	7.69
46.03	7.72
46.05	7.70
46.08	7.69
46.10	7.74
46.12	7.73
46.15	7.73
46.17	7.76
46.20	7.78
46.22	7.77
46.25	7.80
46.27	7.83
46.30	7.81
46.32	7.83
46.34	7.87
46.37	7.85
46.39	7.86
46.42	7.90
46.44	7.91
46.47	7.89
46.49	7.93
46.52	7.95
46.54	7.93
46.56	7.95
46.59	7.98
46.61	7.97
46.64	7.98
46.66	8.03
46.69	8.03
46.71	8.02
46.73	8.05
46.76	8.07
46.78	8.05
46.81	8.08
46.83	8.10
46.86	8.08
46.88	8.09
46.91	8.13
46.93	8.12
46.95	8.12
46.98	8.16
47.00	8.17
47.03	8.15
47.05	8.19
47.08	8.20
47.10	8.19
47.13	8.21
47.15	8.24
47.17	8.23
47.20	8.23
47.22	8.27
47.25	8.26
47.27	8.26
47.30	8.30
47.32	8.30
47.35	8.29
47.37	8.31
47.39	8.34
47.42	8.33
47.44	8.35
47.47	8.38
47.49	8.37
47.52	8.37
47.54	8.41
47.57	8.41
47.59	8.39
47.61	8.43
47.64	8.44
47.66	8.43
47.69	8.46
47.71	8.48
47.74	8.47
47.76	8.47
47.78	8.51
47.81	8.50
47.83	8.49
47.86	8.53
47.88	8.54
47.91	8.53
47.93	8.56
47.96	8.58
47.98	8.56
48.00	8.57
48.03	8.61
48.05	8.60
48.08	8.59
48.10	8.62
48.13	8.63
48.15	8.62
48.18	8.65
48.20	8.67
48.22	8.65
48.25	8.68
48.27	8.70
48.30	8.68
48.32	8.68
48.35	8.72
48.37	8.72
48.40	8.72
48.42	8.76
48.44	8.76
48.47	8.74
48.49	8.77
48.52	8.79
48.54	8.77
48.57	8.78
48.59	8.81
48.62	8.78
48.64	8.78
48.66	8.81
48.69	8.81
48.71	8.78
48.74	8.81
48.76	8.83
48.79	8.80
48.81	8.81
48.84	8.83
48.86	8.80
48.88	8.80
48.91	8.83
48.93	8.81
48.96	8.80
48.98	8.82
49.01	8.81
49.03	8.79
49.05	8.79
49.08	8.80
49.10	8.77
49.13	8.77
49.15	8.79
49.18	8.76
49.20	8.75
49.23	8.77
49.25	8.75
49.27	8.72
49.30	8.73
49.32	8.73
49.35	8.69
49.37	8.70
49.40	8.70
49.42	8.66
49.45	8.65
49.47	8.67
49.49	8.64
49.52	8.60
49.54	8.62
49.57	8.60
49.59	8.56
49.62	8.55
49.64	8.55
49.67	8.51
49.69	8.50
49.71	8.51
49.74	8.46
49.76	8.43
49.79	8.44
49.81	8.41
49.84	8.37
49.86	8.37
49.89	8.36
49.91	8.31
49.93	8.31
49.96	8.31
49.98	8.26
50.01	8.23
50.03	8.23
50.06	8.20
50.08	8.17
50.10	8.17
50.13	8.14
50.15	8.09
50.18	8.09
50.20	8.08
50.23	8.03
50.25	8.01
50.28	8.01
50.30	7.96
50.32	7.92
50.35	7.93
50.37	7.89
50.40	7.84
50.42	7.84
50.45	7.82
50.47	7.77
50.50	7.76
50.52	7.75
50.54	7.70
50.57	7.67
50.59	7.68
50.62	7.64
50.64	7.59
50.67	7.59
50.69	7.57
50.72	7.52
50.74	7.50
50.76	7.48
50.79	7.43
50.81	7.41
50.84	7.40
50.86	7.35
50.89	7.32
50.91	7.31
50.94	7.27
50.96	7.22
50.98	7.21
51.01	7.19
51.03	7.14
51.06	7.12
51.08	7.12
51.11	7.06
51.13	7.02
51.15	7.02
51.18	6.97
51.20	6.93
51.23	6.92
51.25	6.88
51.28	6.82
51.30	6.81
51.33	6.79
51.35	6.73
51.37	6.70
51.40	6.69
51.42	6.64
51.45	6.59
51.47	6.59
51.50	6.55
51.52	6.49
51.55	6.49
51.57	6.46
51.59	6.41
51.62	6.39
51.64	6.37
51.67	6.31
51.69	6.28
51.72	6.27
51.74	6.22
51.77	6.17
51.79	6.17
51.81	6.14
51.84	6.08
51.86	6.07
51.89	6.05
51.91	5.99
51.94	5.97
51.96	5.95
51.99	5.91
52.01	5.86
52.03	5.86
52.06	5.82
52.08	5.76
52.11	5.77
52.13	5.74
52.16	5.69
52.18	5.67
52.20	5.65
52.23	5.59
52.25	5.56
52.28	5.56
52.30	5.53
52.33	5.48
52.35	5.47
52.38	5.43
52.40	5.38
52.42	5.37
52.45	5.35
52.47	5.29
52.50	5.27
52.52	5.26
52.55	5.21
52.57	5.17
52.60	5.16
52.62	5.13
52.64	5.08
52.67	5.07
52.69	5.05
52.72	4.99
52.74	4.98
52.77	4.97
52.79	4.92
52.82	4.88
52.84	4.88
52.86	4.84
52.89	4.79
52.91	4.79
52.94	4.76
52.96	4.70
52.99	4.69
53.01	4.69
53.04	4.63
53.06	4.61
53.08	4.61
53.11	4.56
53.13	4.52
53.16	4.52
53.18	4.48
53.21	4.43
53.23	4.43
53.26	4.41
53.28	4.36
53.30	4.33
53.33	4.32
53.35	4.27
53.38	4.23
53.40	4.23
53.43	4.19
53.45	4.14
53.47	4.14
53.50	4.11
53.52	4.06
53.55	4.05
53.57	4.04
53.60	3.99
53.62	3.96
53.65	3.96
53.67	3.91
53.69	3.87
53.72	3.88
53.74	3.84
53.77	3.78
53.79	3.78
53.82	3.77
53.84	3.72
53.87	3.70
53.89	3.69
53.91	3.62
53.94	3.61
53.96	3.61
53.99	3.54
54.01	3.53
54.04	3.55
54.06	3.50
54.09	3.45
54.11	3.48
54.13	3.43
54.16	3.37
54.18	3.38
54.21	3.37
54.23	3.30
54.26	3.29
54.28	3.29
54.31	3.22
54.33	3.19
54.35	3.22
54.38	3.16
54.40	3.11
54.43	3.13
54.45	3.10
54.48	3.04
54.50	3.04
54.52	3.05
54.55	2.98
54.57	2.99
54.60	2.97
54.62	2.93
54.65	2.92
54.67	2.93
54.70	2.88
54.72	2.85
54.74	2.86
54.77	2.83
54.79	2.80
54.82	2.81
54.84	2.79
54.87	2.73
54.89	2.74
54.92	2.74
54.94	2.70
54.96	2.70
54.99	2.72
55.01	2.68
55.04	2.67
55.06	2.69
55.09	2.67
55.11	2.64
55.14	2.67
55.16	2.66
55.18	2.64
55.21	2.65
55.23	2.66
55.26	2.62
55.28	2.62
55.31	2.66
55.33	2.63
55.36	2.62
55.38	2.65
55.40	2.66
55.43	2.64
55.45	2.67
55.48	2.69
55.50	2.67
55.53	2.70
55.55	2.74
55.57	2.72
55.60	2.72
55.62	2.77
55.65	2.77
55.67	2.76
55.70	2.80
55.72	2.82
55.75	2.81
55.77	2.84
55.79	2.87
55.82	2.86
55.84	2.87
55.87	2.91
55.89	2.92
55.92	2.92
55.94	2.96
55.97	2.98
55.99	2.97
56.01	3.00
56.04	3.03
56.06	3.01
56.09	3.03
56.11	3.07
56.14	3.06
56.16	3.07
56.19	3.11
56.21	3.11
56.23	3.10
56.26	3.14
56.28	3.15
56.31	3.13
56.33	3.15
56.36	3.19
56.38	3.17
56.41	3.18
56.43	3.23
56.45	3.22
56.48	3.21
56.50	3.25
56.53	3.27
56.55	3.25
56.58	3.28
56.60	3.31
56.62	3.28
56.65	3.31
56.67	3.34
56.70	3.33
56.72	3.33
56.75	3.37
56.77	3.37
56.80	3.36
56.82	3.41
56.84	3.43
56.87	3.41
56.89	3.44
56.92	3.47
56.94	3.46
56.97	3.48
56.99	3.52
57.02	3.52
57.04	3.52
57.06	3.57
57.09	3.58
57.11	3.57
57.14	3.62
57.16	3.65
57.19	3.64
57.21	3.67
57.24	3.72
57.26	3.72
57.28	3.74
57.31	3.79
57.33	3.81
57.36	3.82
57.38	3.87
57.41	3.91
57.43	3.91
57.46	3.95
57.48	4.00
57.50	3.99
57.53	4.02
57.55	4.08
57.58	4.10
57.60	4.11
57.63	4.18
57.65	4.20
57.68	4.20
57.70	4.25
57.72	4.30
57.75	4.30
57.77	4.34
57.80	4.40
57.82	4.40
57.85	4.42
57.87	4.48
57.89	4.51
57.92	4.52
57.94	4.58
57.97	4.62
57.99	4.62
58.02	4.67
58.04	4.71
58.07	4.72
58.09	4.74
58.11	4.80
58.14	4.81
58.16	4.82
58.19	4.89
58.21	4.92
58.24	4.91
58.26	4.97
58.29	5.01
58.31	5.02
58.33	5.05
58.36	5.11
58.38	5.11
58.41	5.13
58.43	5.19
58.46	5.21
58.48	5.22
58.51	5.28
58.53	5.32
58.55	5.32
58.58	5.36
58.60	5.41
58.63	5.41
58.65	5.44
58.68	5.50
58.70	5.52
58.73	5.53
58.75	5.59
58.77	5.63
58.80	5.62
58.82	5.68
58.85	5.73
58.87	5.73
58.90	5.76
58.92	5.83
58.94	5.83
58.97	5.85
58.99	5.92
59.02	5.95
59.04	5.96
59.07	6.02
59.09	6.06
59.12	6.06
59.14	6.11
59.16	6.17
59.19	6.18
59.21	6.21
59.24	6.26
59.26	6.29
59.29	6.28
59.31	6.35
59.34	6.38
59.36	6.38
59.38	6.44
59.41	6.49
59.43	6.49
59.46	6.53
59.48	6.59
59.51	6.60
59.53	6.62
59.56	6.69
59.58	6.71
59.60	6.72
59.63	6.78
59.65	6.82
59.68	6.83
59.70	6.87
59.73	6.94
59.75	6.94
59.78	6.97
59.80	7.03
59.82	7.05
59.85	7.06
59.87	7.12
59.90	7.16
59.92	7.16
59.95	7.23
59.97	7.28
59.99	7.29
60.02	7.33
60.04	7.40
60.07	7.41
60.09	7.43
60.12	7.50
60.14	7.53
60.17	7.54
60.19	7.60
60.21	7.64
60.24	7.65
60.26	7.71
60.29	7.77
60.31	7.77
60.34	7.80
60.36	7.86
60.39	7.88
60.41	7.89
60.43	7.96
60.46	8.00
60.48	7.99
60.51	8.06
60.53	8.11
60.56	8.11
60.58	8.15
60.61	8.22
60.63	8.24
60.65	8.25
60.68	8.32
60.70	8.34
60.73	8.35
60.75	8.41
60.78	8.46
60.80	8.46
60.83	8.51
60.85	8.57
60.87	8.57
60.90	8.60
60.92	8.67
60.95	8.68
60.97	8.70
61.00	8.77
61.02	8.82
61.05	8.82
61.07	8.87
61.09	8.92
61.12	8.93
61.14	8.98
61.17	9.05
61.19	9.07
61.22	9.09
61.24	9.15
61.26	9.18
61.29	9.19
61.31	9.26
61.34	9.30
61.36	9.31
61.39	9.35
61.41	9.41
61.44	9.41
61.46	9.44
61.48	9.51
61.51	9.53
61.53	9.55
61.56	9.61
61.58	9.65
61.61	9.66
61.63	9.71
61.66	9.76
61.68	9.76
61.70	9.81
61.73	9.87
61.75	9.88
61.78	9.90
61.80	9.97
61.83	9.99
61.85	10.00
61.88	10.06
61.90	10.10
61.92	10.11
61.95	10.15
61.97	10.21
62.00	10.22
62.02	10.24
62.05	10.32
62.07	10.34
62.10	10.35
62.12	10.42
62.14	10.46
62.17	10.47
62.19	10.52
62.22	10.57
62.24	10.58
62.27	10.61
62.29	10.68
62.31	10.69
62.34	10.71
62.36	10.78
62.39	10.81
62.41	10.81
62.44	10.87
62.46	10.92
62.49	10.93
62.51	10.97
62.53	11.03
62.56	11.04
62.58	11.07
62.61	11.14
62.63	11.15
62.66	11.17
62.68	11.23
62.71	11.27
62.73	11.28
62.75	11.33
62.78	11.39
62.80	11.39
62.83	11.42
62.85	11.48
62.88	11.50
62.90	11.52
62.93	11.58
62.95	11.62
62.97	11.62
63.00	11.68
63.02	11.73
63.05	11.73
63.07	11.78
63.10	11.84
63.12	11.85
63.15	11.87
63.17	11.93
63.19	11.95
63.22	11.96
63.24	12.02
63.27	12.06
63.29	12.07
63.32	12.11
63.34	12.16
63.36	12.16
63.39	12.20
63.41	12.27
63.44	12.28
63.46	12.31
63.49	12.37
63.51	12.40
63.54	12.40
63.56	12.46
63.58	12.51
63.61	12.51
63.63	12.55
63.66	12.61
63.68	12.62
63.71	12.64
63.73	12.71
63.76	12.73
63.78	12.74
63.80	12.81
63.83	12.84
63.85	12.85
63.88	12.90
63.90	12.96
63.93	12.96
63.95	12.99
63.98	13.06
64.00	13.07
64.02	13.08
64.05	13.15
64.07	13.17
64.10	13.17
64.12	13.22
64.15	13.27
64.17	13.28
64.20	13.32
64.22	13.38
64.24	13.39
64.27	13.42
64.29	13.48
64.32	13.50
64.34	13.51
64.37	13.57
64.39	13.61
64.41	13.62
64.44	13.66
64.46	13.71
64.49	13.72
64.51	13.75
64.54	13.82
64.56	13.83
64.59	13.85
64.61	13.91
64.63	13.94
64.66	13.95
64.68	14.01
64.71	14.06
64.73	14.06
64.76	14.10
64.78	14.16
64.81	14.17
64.83	14.19
64.85	14.25
64.88	14.28
64.90	14.27
64.93	14.33
64.95	14.37
64.98	14.37
65.00	14.42
65.03	14.47
65.05	14.47
65.07	14.49
65.10	14.56
65.12	14.58
65.15	14.60
65.17	14.66
65.20	14.69
65.22	14.69
65.25	14.74
65.27	14.78
65.29	14.78
65.32	14.81
65.34	14.87
65.37	14.87
65.39	14.89
65.42	14.95
65.44	14.97
65.47	14.97
65.49	15.02
65.51	15.05
65.54	15.05
65.56	15.09
65.59	15.14
65.61	15.13
65.64	15.15
65.66	15.21
65.68	15.21
65.71	15.22
65.73	15.27
65.76	15.28
65.78	15.27
65.81	15.30
65.83	15.34
65.86	15.32
65.88	15.34
65.90	15.38
65.93	15.37
65.95	15.38
65.98	15.42
66.00	15.43
66.03	15.41
66.05	15.45
66.08	15.47
66.10	15.46
66.12	15.48
66.15	15.51
66.17	15.50
66.20	15.50
66.22	15.55
66.25	15.53
66.27	15.52
66.30	15.57
66.32	15.57
66.34	15.56
66.37	15.58
66.39	15.60
66.42	15.58
66.44	15.60
66.47	15.63
66.49	15.61
66.52	15.60
66.54	15.64
66.56	15.64
66.59	15.61
66.61	15.64
66.64	15.66
66.66	15.63
66.69	15.65
66.71	15.67
66.73	15.64
66.76	15.64
66.78	15.67
66.81	15.66
66.83	15.64
66.86	15.67
66.88	15.67
66.91	15.65
66.93	15.66
66.95	15.68
66.98	15.65
67.00	15.65
67.03	15.68
67.05	15.65
67.08	15.64
67.10	15.67
67.13	15.67
67.15	15.63
67.17	15.65
67.20	15.66
67.22	15.63
67.25	15.64
67.27	15.67
67.30	15.64
67.32	15.63
67.35	15.66
67.37	15.65
67.39	15.62
67.42	15.64
67.44	15.65
67.47	15.62
67.49	15.62
67.52	15.64
67.54	15.60
67.57	15.59
67.59	15.61
67.61	15.58
67.64	15.56
67.66	15.58
67.69	15.57
67.71	15.53
67.74	15.54
67.76	15.54
67.78	15.50
67.81	15.51
67.83	15.52
67.86	15.48
67.88	15.46
67.91	15.48
67.93	15.45
67.96	15.41
67.98	15.42
68.00	15.41
68.03	15.37
68.05	15.37
68.08	15.38
68.10	15.34
68.13	15.31
68.15	15.32
68.18	15.28
68.20	15.25
68.22	15.27
68.25	15.25
68.27	15.20
68.30	15.20
68.32	15.20
68.35	15.16
68.37	15.15
68.40	15.16
68.42	15.12
68.44	15.09
68.47	15.10
68.49	15.08
68.52	15.04
68.54	15.06
68.57	15.05
68.59	15.00
68.62	15.00
68.64	15.00
68.66	14.95
68.69	14.92
68.71	14.93
68.74	14.90
68.76	14.86
68.79	14.87
68.81	14.85
68.83	14.80
68.86	14.80
68.88	14.79
68.91	14.74
68.93	14.73
68.96	14.75
68.98	14.70
69.01	14.67
69.03	14.68
69.05	14.65
69.08	14.60
69.10	14.61
69.13	14.59
69.15	14.54
69.18	14.52
69.20	14.51
69.23	14.46
69.25	14.44
69.27	14.45
69.30	14.41
69.32	14.36
69.35	14.37
69.37	14.35
69.40	14.29
69.42	14.29
69.45	14.28
69.47	14.22
69.49	14.20
69.52	14.21
69.54	14.16
69.57	14.12
69.59	14.12
69.62	14.08
69.64	14.03
69.67	14.03
69.69	14.02
69.71	13.96
69.74	13.95
69.76	13.94
69.79	13.89
69.81	13.86
69.84	13.86
69.86	13.83
69.89	13.78
69.91	13.78
69.93	13.75
69.96	13.71
69.98	13.70
70.01	13.69
70.03	13.64
70.06	13.61
70.08	13.61
70.10	13.56
70.13	13.54
70.15	13.53
70.18	13.50
70.20	13.45
70.23	13.44
70.25	13.43
70.28	13.37
70.30	13.36
70.32	13.35
70.35	13.29
70.37	13.25
70.40	13.26
70.42	13.22
70.45	13.17
70.47	13.18
70.50	13.15
70.52	13.09
70.54	13.08
70.57	13.06
70.59	13.00
70.62	12.96
70.64	12.95
70.67	12.90
70.69	12.85
70.72	12.86
70.74	12.82
70.76	12.76
70.79	12.75
70.81	12.74
70.84	12.67
70.86	12.65
70.89	12.66
70.91	12.60
70.94	12.56
70.96	12.56
70.98	12.52
71.01	12.47
71.03	12.46
71.06	12.43
71.08	12.37
71.11	12.35
71.13	12.33
71.15	12.27
71.18	12.24
71.20	12.25
71.23	12.20
71.25	12.15
71.28	12.16
71.30	12.13
71.33	12.07
71.35	12.06
71.37	12.05
71.40	12.00
71.42	11.98
71.45	11.99
71.47	11.93
71.50	11.90
71.52	11.90
71.55	11.86
71.57	11.81
71.59	11.82
71.62	11.81
71.64	11.76
71.67	11.75
71.69	11.76
71.72	11.71
71.74	11.69
71.77	11.70
71.79	11.68
71.81	11.64
71.84	11.66
71.86	11.64
71.89	11.60
71.91	11.60
71.94	11.61
71.96	11.58
71.99	11.57
72.01	11.60
72.03	11.57
72.06	11.54
72.08	11.57
72.11	11.56
72.13	11.53
72.16	11.55
72.18	11.56
72.20	11.52
72.23	11.54
72.25	11.56
72.28	11.53
72.30	11.52
72.33	11.56
72.35	11.54
72.38	11.51
72.40	11.55
72.42	11.56
72.45	11.53
72.47	11.55
72.50	11.58
72.52	11.54
72.55	11.54
72.57	11.57
72.60	11.55
72.62	11.53
72.64	11.57
72.67	11.56
72.69	11.53
72.72	11.56
72.74	11.57
72.77	11.53
72.79	11.55
72.82	11.57
72.84	11.53
72.86	11.53
72.89	11.56
72.91	11.54
72.94	11.52
72.96	11.55
72.99	11.55
73.01	11.51
73.04	11.53
73.06	11.54
73.08	11.50
73.11	11.50
73.13	11.54
73.16	11.51
73.18	11.51
73.21	11.55
73.23	11.54
73.25	11.51
73.28	11.54
73.30	11.55
73.33	11.51
73.35	11.52
73.38	11.55
73.40	11.52
73.43	11.51
73.45	11.55
73.47	11.54
73.50	11.52
73.52	11.56
73.55	11.57
73.57	11.54
73.60	11.56
73.62	11.61
73.65	11.58
73.67	11.59
73.69	11.64
73.72	11.63
73.74	11.63
73.77	11.68
73.79	11.68
73.82	11.66
73.84	11.69
73.87	11.72
73.89	11.71
73.91	11.74
73.94	11.81
73.96	11.79
73.99	11.80
74.01	11.87
74.04	11.88
74.06	11.88
74.09	11.95
74.11	11.99
74.13	11.98
74.16	12.03
74.18	12.08
74.21	12.08
74.23	12.11
74.26	12.18
74.28	12.18
74.31	12.19
74.33	12.27
74.35	12.30
74.38	12.30
74.40	12.36
74.43	12.42
74.45	12.42
74.48	12.44
74.50	12.51
74.52	12.51
74.55	12.53
74.57	12.61
74.60	12.63
74.62	12.64
74.65	12.72
74.67	12.76
74.70	12.77
74.72	12.82
74.74	12.89
74.77	12.89
74.79	12.92
74.82	12.99
74.84	13.02
74.87	13.03
74.89	13.11
74.92	13.15
74.94	13.15
74.96	13.21
74.99	13.27
75.01	13.27
75.04	13.32
75.06	13.40
75.09	13.40
75.11	13.42
75.14	13.52
75.16	13.56
75.18	13.57
75.21	13.64
75.23	13.69
75.26	13.69
75.28	13.75
75.31	13.82
75.33	13.83
75.36	13.87
75.38	13.95
75.40	13.97
75.43	13.99
75.45	14.08
75.48	14.13
75.50	14.14
75.53	14.21
75.55	14.29
75.57	14.30
75.60	14.35
75.62	14.44
75.65	14.46
75.67	14.50
75.70	14.59
75.72	14.63
75.75	14.65
75.77	14.73
75.79	14.81
75.82	14.82
75.84	14.90
75.87	15.00
75.89	15.02
75.92	15.07
75.94	15.17
75.97	15.21
75.99	15.25
76.01	15.35
76.04	15.42
76.06	15.45
76.09	15.54
76.11	15.63
76.14	15.65
76.16	15.72
76.19	15.84
76.21	15.88
76.23	15.92
76.26	16.04
76.28	16.10
76.31	16.13
76.33	16.24
76.36	16.33
76.38	16.36
76.41	16.45
76.43	16.55
76.45	16.59
76.48	16.65
76.50	16.77
76.53	16.83
76.55	16.88
76.58	17.00
76.60	17.09
76.62	17.12
76.65	17.21
76.67	17.31
76.70	17.35
76.72	17.42
76.75	17.54
76.77	17.60
76.80	17.65
76.82	17.77
76.84	17.83
76.87	17.86
76.89	17.97
76.92	18.06
76.94	18.10
76.97	18.19
76.99	18.31
77.02	18.36
77.04	18.43
77.06	18.55
77.09	18.62
77.11	18.68
77.14	18.79
77.16	18.88
77.19	18.92
77.21	19.01
77.24	19.12
77.26	19.17
77.28	19.26
77.31	19.39
77.33	19.45
77.36	19.52
77.38	19.64
77.41	19.72
77.43	19.77
77.46	19.89
77.48	20.00
77.50	20.06
77.53	20.16
77.55	20.30
77.58	20.36
77.60	20.45
77.63	20.57
77.65	20.64
77.68	20.70
77.70	20.83
77.72	20.93
77.75	20.99
77.77	21.11
77.80	21.24
77.82	21.30
77.85	21.39
77.87	21.53
77.89	21.61
77.92	21.68
77.94	21.82
77.97	21.91
77.99	21.98
78.02	22.11
78.04	22.22
78.07	22.29
78.09	22.40
78.11	22.55
78.14	22.62
78.16	22.70
78.19	22.86
78.21	22.93
78.24	23.00
78.26	23.14
78.29	23.27
78.31	23.34
78.33	23.46
78.36	23.60
78.38	23.67
78.41	23.77
78.43	23.92
78.46	24.01
78.48	24.09
78.51	24.23
78.53	24.35
78.55	24.41
78.58	24.55
78.60	24.68
78.63	24.75
78.65	24.86
78.68	25.01
78.70	25.10
78.73	25.20
78.75	25.36
78.77	25.45
78.80	25.53
78.82	25.67
78.85	25.79
78.87	25.87
78.90	26.01
78.92	26.15
78.94	26.23
78.97	26.34
78.99	26.50
79.02	26.60
79.04	26.70
79.07	26.85
79.09	26.98
79.12	27.05
79.14	27.19
79.16	27.34
79.19	27.42
79.21	27.55
79.24	27.72
79.26	27.81
79.29	27.92
79.31	28.09
79.34	28.20
79.36	28.29
79.38	28.44
79.41	28.58
79.43	28.66
79.46	28.80
79.48	28.95
79.51	29.05
79.53	29.17
79.56	29.34
79.58	29.45
79.60	29.56
79.63	29.72
79.65	29.85
79.68	29.93
79.70	30.08
79.73	30.23
79.75	30.32
79.78	30.46
79.80	30.63
79.82	30.73
79.85	30.84
79.87	31.02
79.90	31.14
79.92	31.23
79.95	31.39
79.97	31.53
79.99	31.63
80.02	31.77
80.04	31.93
80.07	32.03
80.09	32.15
80.12	32.33
80.14	32.45
80.17	32.56
80.19	32.72
80.21	32.86
80.24	32.95
80.26	33.09
80.29	33.26
80.31	33.36
80.34	33.50
80.36	33.67
80.39	33.78
80.41	33.90
80.43	34.09
80.46	34.23
80.48	34.33
80.51	34.50
80.53	34.64
80.56	34.75
80.58	34.89
80.61	35.06
80.63	35.17
80.65	35.30
80.68	35.49
80.70	35.62
80.73	35.74
80.75	35.92
80.78	36.06
80.80	36.16
80.83	36.32
80.85	36.50
80.87	36.60
80.90	36.74
80.92	36.93
80.95	37.05
80.97	37.17
81.00	37.37
81.02	37.47
81.04	37.60
81.07	37.80
81.09	37.90
81.12	38.00
81.14	38.20
81.17	38.35
81.19	38.44
81.22	38.62
81.24	38.81
81.26	38.89
81.29	39.05
81.31	39.27
81.34	39.36
81.36	39.47
81.39	39.68
81.41	39.81
81.44	39.89
81.46	40.09
81.48	40.27
81.51	40.35
81.53	40.53
81.56	40.73
81.58	40.82
81.61	40.96
81.63	41.17
81.66	41.29
81.68	41.42
81.70	41.62
81.73	41.74
81.75	41.87
81.78	42.07
81.80	42.21
81.83	42.34
81.85	42.53
81.88	42.68
81.90	42.78
81.92	42.93
81.95	43.12
81.97	43.21
82.00	43.36
82.02	43.55
82.05	43.68
82.07	43.80
82.10	44.00
82.12	44.15
82.14	44.25
82.17	44.42
82.19	44.57
82.22	44.67
82.24	44.81
82.27	45.00
82.29	45.11
82.31	45.23
82.34	45.42
82.36	45.54
82.39	45.65
82.41	45.83
82.44	45.97
82.46	46.06
82.49	46.21
82.51	46.36
82.53	46.45
82.56	46.59
82.58	46.78
82.61	46.89
82.63	47.00
82.66	47.17
82.68	47.30
82.71	47.39
82.73	47.55
82.75	47.69
82.78	47.79
82.80	47.92
82.83	48.06
82.85	48.16
82.88	48.27
82.90	48.42
82.93	48.51
82.95	48.61
82.97	48.75
83.00	48.83
83.02	48.91
83.05	49.03
83.07	49.12
83.10	49.17
83.12	49.28
83.15	49.36
83.17	49.41
83.19	49.49
83.22	49.58
83.24	49.61
83.27	49.64
83.29	49.72
83.32	49.75
83.34	49.76
83.36	49.83
83.39	49.86
83.41	49.86
83.44	49.89
83.46	49.93
83.49	49.93
83.51	49.94
83.54	49.98
83.56	49.97
83.58	49.97
83.61	49.99
83.63	49.99
83.66	49.99
83.68	49.99
83.71	49.99
83.73	49.99
83.76	49.99
83.78	49.99
83.80	49.99
83.83	49.99
83.85	49.99
83.88	49.99
83.90	49.99
83.93	49.99
83.95	49.99
83.98	49.99
84.00	49.99
84.02	49.99
84.05	49.99
84.07	49.99
84.10	49.99
84.12	49.99
84.15	49.99
84.17	49.99
84.20	49.99
84.22	49.99
84.24	49.99
84.27	49.99
84.29	49.99
84.32	49.99
84.34	49.99
84.37	49.99
84.39	49.99
84.41	49.99
84.44	49.99
84.46	49.99
84.49	49.99
84.51	49.99
84.54	49.99
84.56	49.99
84.59	49.99
84.61	49.99
84.63	49.99
84.66	49.99
84.68	49.99
84.71	49.99
84.73	49.99
84.76	49.99
84.78	49.99
84.81	49.99
84.83	49.99
84.85	49.99
84.88	49.99
84.90	49.99
84.93	49.99
84.95	49.99
84.98	49.99
85.00	49.99
85.03	49.99
85.05	49.99
85.07	49.99
85.10	49.99
85.12	49.99
85.15	49.99
85.17	49.99
85.20	49.99
85.22	49.99
85.25	49.99
85.27	49.99
85.29	49.99
85.32	49.99
85.34	49.99
85.37	49.99
85.39	49.99
85.42	49.99
85.44	49.99
85.47	49.99
85.49	49.99
85.51	49.99
85.54	49.99
85.56	49.99
85.59	49.99
85.61	49.99
85.64	49.99
85.66	49.99
85.68	49.99
85.71	49.99
85.73	49.99
85.76	49.99
85.78	49.99
85.81	49.99
85.83	49.99
85.86	49.99
85.88	49.99
85.90	49.99
85.93	49.99
85.95	49.99
85.98	49.99
86.00	49.99
86.03	49.99
86.05	49.99
86.08	49.99
86.10	49.99
86.12	49.99
86.15	49.99
86.17	49.99
86.20	49.99
86.22	49.99
86.25	49.99
86.27	49.99
86.30	49.99
86.32	49.99
86.34	49.99
86.37	49.99
86.39	49.99
86.42	49.99
86.44	49.99
86.47	49.99
86.49	49.99
86.52	49.99
86.54	49.99
86.56	49.99
86.59	49.99
86.61	49.99
86.64	49.99
86.66	49.99
86.69	49.99
86.71	49.99
86.73	49.99
86.76	49.99
86.78	49.99
86.81	49.99
86.83	49.99
86.86	49.99
86.88	49.99
86.91	49.99
86.93	49.99
86.95	49.99
86.98	49.99
87.00	49.99
87.03	49.99
87.05	49.99
87.08	49.99
87.10	49.99
87.13	49.99
87.15	49.99
87.17	49.99
87.20	49.99
87.22	49.99
87.25	49.99
87.27	49.99
87.30	49.99
87.32	49.99
87.35	49.99
87.37	49.99
87.39	49.99
87.42	49.99
87.44	49.99
87.47	49.99
87.49	49.99
87.52	49.99
87.54	49.99
87.57	49.99
87.59	49.99
87.61	49.99
87.64	49.99
87.66	49.99
87.69	49.99
87.71	49.99
87.74	49.99
87.76	49.99
87.78	49.99
87.81	49.99
87.83	49.99
87.86	49.99
87.88	49.99
87.91	49.99
87.93	49.99
87.96	49.99
87.98	49.99
88.00	49.99
88.03	49.99
88.05	49.99
88.08	49.99
88.10	49.99
88.13	49.99
88.15	49.99
88.18	49.99
88.20	49.99
88.22	49.99
88.25	49.99
88.27	49.99
88.30	49.99
88.32	49.99
88.35	49.99
88.37	49.99
88.40	49.99
88.42	49.99
88.44	49.99
88.47	49.99
88.49	49.99
88.52	49.99
88.54	49.99
88.57	49.99
88.59	49.99
88.62	49.99
88.64	49.99
88.66	49.99
88.69	49.99
88.71	49.99
88.74	49.99
88.76	49.99
88.79	49.99
88.81	49.99
88.83	49.99
88.86	49.99
88.88	49.99
88.91	49.99
88.93	49.99
88.96	49.99
88.98	49.99
89.01	49.99
89.03	49.99
89.05	49.99
89.08	49.99
89.10	49.99
89.13	49.99
89.15	49.99
89.18	49.99
89.20	49.99
89.23	49.99
89.25	49.99
89.27	49.99
89.30	49.99
89.32	49.99
89.35	49.99
89.37	49.99
89.40	49.99
89.42	49.99
89.45	49.99
89.47	49.99
89.49	49.99
89.52	49.99
89.54	49.99
89.57	49.99
89.59	49.99
89.62	49.99
89.64	49.99
89.67	49.99
89.69	49.99
89.71	49.99
89.74	49.99
89.76	49.99
89.79	49.99
89.81	49.99
89.84	49.99
89.86	49.99
89.89	49.99
89.91	49.99
89.93	49.99
89.96	49.99
89.98	49.99
90.01	49.99
90.03	49.99
90.06	49.99
90.08	49.99
90.10	49.99
90.13	49.99
90.15	49.99
90.18	49.99
90.20	49.99
90.23	49.99
90.25	49.99
90.28	49.99
90.30	49.99
90.32	49.99
90.35	49.99
90.37	49.99
90.40	49.99
90.42	49.99
90.45	49.99
90.47	49.99
90.50	49.99
90.52	49.99
90.54	49.99
90.57	49.99
90.59	49.99
90.62	49.99
90.64	49.99
90.67	49.99
90.69	49.99
90.72	49.99
90.74	49.99
90.76	49.99
90.79	49.99
90.81	49.99
90.84	49.99
90.86	49.99
90.89	49.99
90.91	49.99
90.94	49.99
90.96	49.99
90.98	49.99
91.01	49.99
91.03	49.99
91.06	49.99
91.08	49.99
91.11	49.99
91.13	49.99
91.15	49.99
91.18	49.99
91.20	49.99
91.23	49.99
91.25	49.99
91.28	49.99
91.30	49.99
91.33	49.99
91.35	49.99
91.37	49.99
91.40	49.99
91.42	49.99
91.45	49.99
91.47	49.99
91.50	49.99
91.52	49.99
91.55	49.99
91.57	49.99
91.59	49.99
91.62	49.99
91.64	49.99
91.67	49.99
91.69	49.99
91.72	49.99
91.74	49.99
91.77	49.99
91.79	49.99
91.81	49.99
91.84	49.99
91.86	49.99
91.89	49.99
91.91	49.99
91.94	49.99
91.96	49.99
91.99	49.99
92.01	49.99
92.03	49.99
92.06	49.99
92.08	49.99
92.11	49.99
92.13	49.99
92.16	49.99
92.18	49.99
92.20	49.99
92.23	49.99
92.25	49.99
92.28	49.99
92.30	49.99
92.33	49.99
92.35	49.99
92.38	49.99
92.40	49.99
92.42	49.99
92.45	49.99
92.47	49.99
92.50	49.99
92.52	49.99
92.55	49.99
92.57	49.99
92.60	49.99
92.62	49.99
92.64	49.99
92.67	49.99
92.69	49.99
92.72	49.99
92.74	49.99
92.77	49.99
92.79	49.99
92.82	49.99
92.84	49.99
92.86	49.99
92.89	49.99
92.91	49.99
92.94	49.99
92.96	49.99
92.99	49.99
93.01	49.99
93.04	49.99
93.06	49.99
93.08	49.99
93.11	49.99
93.13	49.99
93.16	49.99
93.18	49.99
93.21	49.99
93.23	49.99
93.25	49.99
93.28	49.99
93.30	49.99
93.33	49.99
93.35	49.99
93.38	49.99
93.40	49.99
93.43	49.99
93.45	49.99
93.47	49.99
93.50	49.99
93.52	49.99
93.55	49.99
93.57	49.99
93.60	49.99
93.62	49.99
93.65	49.99
93.67	49.99
93.69	49.99
93.72	49.99
93.74	49.99
93.77	49.99
93.79	49.99
93.82	49.99
93.84	49.99
93.87	49.99
93.89	49.99
93.91	49.99
93.94	49.99
93.96	49.99
93.99	49.99
94.01	49.99
94.04	49.99
94.06	49.99
94.09	49.99
94.11	49.99
94.13	49.99
94.16	49.99
94.18	49.99
94.21	49.99
94.23	49.99
94.26	49.99
94.28	49.99
94.31	49.99
94.33	49.99
94.35	49.99
94.38	49.99
94.40	49.99
94.43	49.99
94.45	49.99
94.48	49.99
94.50	49.99
94.52	49.99
94.55	49.99
94.57	49.99
94.60	49.99
94.62	49.99
94.65	49.99
94.67	49.99
94.70	49.99
94.72	49.99
94.74	49.99
94.77	49.99
94.79	49.99
94.82	49.99
94.84	49.99
94.87	49.99
94.89	49.99
94.92	49.99
94.94	49.99
94.96	49.99
94.99	49.99
95.01	49.99
95.04	49.99
95.06	49.99
95.09	49.99
95.11	49.99
95.14	49.99
95.16	49.99
95.18	49.99
95.21	49.99
95.23	49.99
95.26	49.99
95.28	49.99
95.31	49.99
95.33	49.99
95.36	49.99
95.38	49.99
95.40	49.99
95.43	49.99
95.45	49.99
95.48	49.99
95.50	49.99
95.53	49.99
95.55	49.99
95.57	49.99
95.60	49.99
95.62	49.99
95.65	49.99
95.67	49.99
95.70	49.99
95.72	49.99
95.75	49.99
95.77	49.99
95.79	49.99
95.82	49.99
95.84	49.99
95.87	49.99
95.89	49.99
95.92	49.99
95.94	49.99
95.97	49.99
95.99	49.99
96.01	49.99
96.04	49.99
96.06	49.99
96.09	49.99
96.11	49.99
96.14	49.99
96.16	49.99
96.19	49.99
96.21	49.99
96.23	49.99
96.26	49.99
96.28	49.99
96.31	49.99
96.33	49.99
96.36	49.99
96.38	49.99
96.41	49.99
96.43	49.99
96.45	49.99
96.48	49.99
96.50	49.99
96.53	49.99
96.55	49.99
96.58	49.99
96.60	49.99
96.62	49.99
96.65	49.99
96.67	49.99
96.70	49.99
96.72	49.99
96.75	49.99
96.77	49.99
96.80	49.99
96.82	49.99
96.84	49.99
96.87	49.99
96.89	49.99
96.92	49.99
96.94	49.99
96.97	49.99
96.99	49.99
97.02	49.99
97.04	49.99
97.06	49.99
97.09	49.99
97.11	49.99
97.14	49.99
97.16	49.99
97.19	49.99
97.21	49.99
97.24	49.99
97.26	49.99
97.28	49.99
97.31	49.99
97.33	49.99
97.36	49.99
97.38	49.99
97.41	49.99
97.43	49.99
97.46	49.99
97.48	49.99
97.50	49.99
97.53	49.99
97.55	49.99
97.58	49.99
97.60	49.99
97.63	49.99
97.65	49.99
97.68	49.99
97.70	49.99
97.72	49.99
97.75	49.99
97.77	49.99
97.80	49.99
97.82	49.99
97.85	49.99
97.87	49.99
97.89	49.99
97.92	49.99
97.94	49.99
97.97	49.99
97.99	49.99
98.02	49.99
98.04	49.99
98.07	49.99
98.09	49.99
98.11	49.99
98.14	49.99
98.16	49.99
98.19	49.99
98.21	49.99
98.24	49.99
98.26	49.99
98.29	49.99
98.31	49.99
98.33	49.99
98.36	49.99
98.38	49.99
98.41	49.99
98.43	49.99
98.46	49.99
98.48	49.99
98.51	49.99
98.53	49.99
98.55	49.99
98.58	49.99
98.60	49.99
98.63	49.99
98.65	49.99
98.68	49.99
98.70	49.99
98.73	49.99
98.75	49.99
98.77	49.99
98.80	49.99
98.82	49.99
98.85	49.99
98.87	49.99
98.90	49.99
98.92	49.99
98.94	49.99
98.97	49.99
98.99	49.99
99.02	49.99
99.04	49.99
99.07	49.99
99.09	49.99
99.12	49.99
99.14	49.99
99.16	49.99
99.19	49.99
99.21	49.99
99.24	49.99
99.26	49.99
99.29	49.99
99.31	49.99
99.34	49.99
99.36	49.99
99.38	49.99
99.41	49.99
99.43	49.99
99.46	49.99
99.48	49.99
99.51	49.99
99.53	49.99
99.56	49.99
99.58	49.99
99.60	49.99
99.63	49.99
99.65	49.99
99.68	49.99
99.70	49.99
99.73	49.99
99.75	49.99
99.78	49.99
99.80	49.99
99.82	49.99
99.85	49.99
99.87	49.99
99.90	49.99
