#U1/V	IA/nA
0.02	0.25
0.04	0.24
0.07	0.23
0.09	0.23
0.12	0.22
0.14	0.20
0.17	0.20
0.19	0.19
0.21	0.17
0.24	0.16
0.26	0.15
0.29	0.13
0.31	0.12
0.34	0.12
0.36	0.10
0.39	0.10
0.41	0.12
0.43	0.10
0.46	0.10
0.48	0.11
0.51	0.09
0.53	0.09
0.56	0.09
0.58	0.10
0.61	0.09
0.63	0.09
0.65	0.11
0.68	0.10
0.70	0.10
0.73	0.11
0.75	0.09
0.78	0.09
0.80	0.09
0.83	0.09
0.85	0.09
0.87	0.09
0.90	0.10
0.92	0.10
0.95	0.10
0.97	0.10
1.00	0.09
1.02	0.09
1.05	0.09
1.07	0.08
1.09	0.08
1.12	0.08
1.14	0.08
1.17	0.08
1.19	0.08
1.22	0.10
1.24	0.09
1.26	0.09
1.29	0.10
1.31	0.08
1.34	0.08
1.36	0.09
1.39	0.08
1.41	0.08
1.44	0.08
1.46	0.09
1.48	0.08
1.51	0.08
1.53	0.10
1.56	0.08
1.58	0.08
1.61	0.09
1.63	0.09
1.66	0.09
1.68	0.09
1.70	0.10
1.73	0.09
1.75	0.09
1.78	0.11
1.80	0.10
1.83	0.10
1.85	0.11
1.88	0.10
1.90	0.10
1.92	0.10
1.95	0.09
1.97	0.09
2.00	0.09
2.02	0.11
2.05	0.10
2.07	0.10
2.10	0.11
2.12	0.10
2.14	0.10
2.17	0.11
2.19	0.10
2.22	0.10
2.24	0.10
2.27	0.10
2.29	0.10
2.31	0.10
2.34	0.11
2.36	0.10
2.39	0.10
2.41	0.11
2.44	0.10
2.46	0.10
2.49	0.10
2.51	0.10
2.53	0.10
2.56	0.10
2.58	0.11
2.61	0.10
2.63	0.10
2.66	0.12
2.68	0.10
2.71	0.10
2.73	0.11
2.75	0.10
2.78	0.10
2.80	0.10
2.83	0.10
2.85	0.10
2.88	0.10
2.90	0.11
2.93	0.10
2.95	0.10
2.97	0.11
3.00	0.10
3.02	0.10
3.05	0.11
3.07	0.10
3.10	0.10
3.12	0.10
3.15	0.11
3.17	0.10
3.19	0.10
3.22	0.12
3.24	0.11
3.27	0.11
3.29	0.11
3.32	0.10
3.34	0.10
3.36	0.10
3.39	0.10
3.41	0.10
3.44	0.10
3.46	0.11
3.49	0.10
3.51	0.10
3.54	0.11
3.56	0.10
3.58	0.10
3.61	0.10
3.63	0.09
3.66	0.09
3.68	0.09
3.71	0.10
3.73	0.09
3.76	0.09
3.78	0.11
3.80	0.09
3.83	0.10
3.85	0.10
3.88	0.09
3.90	0.09
3.93	0.09
3.95	0.09
3.98	0.09
4.00	0.09
4.02	0.11
4.05	0.10
4.07	0.10
4.10	0.11
4.12	0.09
4.15	0.09
4.17	0.10
4.20	0.09
4.22	0.09
4.24	0.10
4.27	0.11
4.29	0.10
4.32	0.10
4.34	0.12
4.37	0.10
4.39	0.11
4.42	0.11
4.44	0.10
4.46	0.10
4.49	0.10
4.51	0.10
4.54	0.10
4.56	0.10
4.59	0.12
4.61	0.11
4.63	0.11
4.66	0.13
4.68	0.11
4.71	0.11
4.73	0.12
4.76	0.12
4.78	0.12
4.81	0.12
4.83	0.13
4.85	0.13
4.88	0.13
4.90	0.14
4.93	0.13
4.95	0.13
4.98	0.15
5.00	0.14
5.03	0.14
5.05	0.15
5.07	0.15
5.10	0.15
5.12	0.15
5.15	0.17
5.17	0.16
5.20	0.16
5.22	0.18
5.25	0.16
5.27	0.16
5.29	0.17
5.32	0.17
5.34	0.17
5.37	0.17
5.39	0.19
5.42	0.18
5.44	0.18
5.47	0.20
5.49	0.19
5.51	0.19
5.54	0.21
5.56	0.20
5.59	0.20
5.61	0.21
5.64	0.22
5.66	0.21
5.68	0.21
5.71	0.23
5.73	0.21
5.76	0.21
5.78	0.24
5.81	0.22
5.83	0.22
5.86	0.23
5.88	0.24
5.90	0.24
5.93	0.24
5.95	0.25
5.98	0.24
6.00	0.24
6.03	0.26
6.05	0.24
6.08	0.24
6.10	0.26
6.12	0.25
6.15	0.25
6.17	0.27
6.20	0.28
6.22	0.27
6.25	0.27
6.27	0.28
6.30	0.26
6.32	0.26
6.34	0.28
6.37	0.26
6.39	0.26
6.42	0.28
6.44	0.28
6.47	0.27
6.49	0.28
6.52	0.30
6.54	0.28
6.56	0.28
6.59	0.31
6.61	0.28
6.64	0.28
6.66	0.31
6.69	0.30
6.71	0.30
6.73	0.32
6.76	0.32
6.78	0.30
6.81	0.31
6.83	0.33
6.86	0.30
6.88	0.30
6.91	0.33
6.93	0.32
6.95	0.32
6.98	0.34
7.00	0.34
7.03	0.34
7.05	0.35
7.08	0.36
7.10	0.34
7.13	0.34
7.15	0.36
7.17	0.34
7.20	0.34
7.22	0.37
7.25	0.36
7.27	0.36
7.30	0.38
7.32	0.38
7.35	0.36
7.37	0.37
7.39	0.39
7.42	0.37
7.44	0.37
7.47	0.40
7.49	0.38
7.52	0.38
7.54	0.41
7.57	0.40
7.59	0.39
7.61	0.40
7.64	0.41
7.66	0.39
7.69	0.39
7.71	0.42
7.74	0.40
7.76	0.40
7.78	0.43
7.81	0.42
7.83	0.41
7.86	0.44
7.88	0.44
7.91	0.41
7.93	0.42
7.96	0.44
7.98	0.42
8.00	0.42
8.03	0.45
8.05	0.43
8.08	0.42
8.10	0.45
8.13	0.46
8.15	0.44
8.18	0.46
8.20	0.47
8.22	0.45
8.25	0.45
8.27	0.48
8.30	0.45
8.32	0.45
8.35	0.49
8.37	0.47
8.40	0.47
8.42	0.49
8.44	0.50
8.47	0.48
8.49	0.49
8.52	0.51
8.54	0.48
8.57	0.49
8.59	0.52
8.62	0.50
8.64	0.50
8.66	0.53
8.69	0.52
8.71	0.50
8.74	0.52
8.76	0.53
8.79	0.51
8.81	0.51
8.84	0.54
8.86	0.52
8.88	0.52
8.91	0.55
8.93	0.54
8.96	0.53
8.98	0.56
9.01	0.56
9.03	0.54
9.05	0.55
9.08	0.57
9.10	0.55
9.13	0.56
9.15	0.59
9.18	0.57
9.20	0.56
9.23	0.59
9.25	0.59
9.27	0.57
9.30	0.60
9.32	0.60
9.35	0.59
9.37	0.60
9.40	0.63
9.42	0.61
9.45	0.60
9.47	0.64
9.49	0.62
9.52	0.61
9.54	0.64
9.57	0.64
9.59	0.62
9.62	0.64
9.64	0.66
9.67	0.64
9.69	0.65
9.71	0.67
9.74	0.66
9.76	0.65
9.79	0.68
9.81	0.67
9.84	0.65
9.86	0.68
9.89	0.69
9.91	0.66
9.93	0.68
9.96	0.70
9.98	0.68
10.01	0.68
10.03	0.71
10.06	0.70
10.08	0.68
10.10	0.71
10.13	0.72
10.15	0.69
10.18	0.72
10.20	0.73
10.23	0.70
10.25	0.71
10.28	0.74
10.30	0.72
10.32	0.72
10.35	0.74
10.37	0.74
10.40	0.72
10.42	0.74
10.45	0.75
10.47	0.73
10.50	0.75
10.52	0.77
10.54	0.75
10.57	0.75
10.59	0.78
10.62	0.77
10.64	0.76
10.67	0.79
10.69	0.79
10.72	0.77
10.74	0.79
10.76	0.81
10.79	0.78
10.81	0.79
10.84	0.82
10.86	0.80
10.89	0.80
10.91	0.82
10.94	0.82
10.96	0.80
10.98	0.83
11.01	0.84
11.03	0.82
11.06	0.83
11.08	0.85
11.11	0.83
11.13	0.83
11.15	0.87
11.18	0.86
11.20	0.84
11.23	0.87
11.25	0.87
11.28	0.85
11.30	0.87
11.33	0.89
11.35	0.86
11.37	0.87
11.40	0.90
11.42	0.88
11.45	0.87
11.47	0.90
11.50	0.90
11.52	0.88
11.55	0.91
11.57	0.92
11.59	0.90
11.62	0.91
11.64	0.94
11.67	0.91
11.69	0.91
11.72	0.94
11.74	0.93
11.77	0.92
11.79	0.96
11.81	0.96
11.84	0.94
11.86	0.96
11.89	0.97
11.91	0.95
11.94	0.96
11.96	0.99
11.99	0.97
12.01	0.97
12.03	0.99
12.06	0.99
12.08	0.97
12.11	1.01
12.13	1.02
12.16	0.99
12.18	1.01
12.21	1.03
12.23	1.01
12.25	1.01
12.28	1.04
12.30	1.03
12.33	1.02
12.35	1.05
12.38	1.05
12.40	1.03
12.42	1.05
12.45	1.06
12.47	1.04
12.50	1.05
12.52	1.08
12.55	1.06
12.57	1.05
12.60	1.08
12.62	1.08
12.64	1.05
12.67	1.07
12.69	1.09
12.72	1.06
12.74	1.08
12.77	1.10
12.79	1.08
12.82	1.08
12.84	1.11
12.86	1.10
12.89	1.09
12.91	1.12
12.94	1.12
12.96	1.10
12.99	1.12
13.01	1.14
13.04	1.12
13.06	1.12
13.08	1.15
13.11	1.13
13.13	1.13
13.16	1.16
13.18	1.15
13.21	1.14
13.23	1.16
13.26	1.17
13.28	1.15
13.30	1.17
13.33	1.20
13.35	1.18
13.38	1.17
13.40	1.21
13.43	1.19
13.45	1.18
13.47	1.21
13.50	1.22
13.52	1.20
13.55	1.22
13.57	1.23
13.60	1.21
13.62	1.22
13.65	1.25
13.67	1.22
13.69	1.22
13.72	1.26
13.74	1.25
13.77	1.23
13.79	1.26
13.82	1.27
13.84	1.25
13.87	1.26
13.89	1.28
13.91	1.26
13.94	1.26
13.96	1.29
13.99	1.28
14.01	1.27
14.04	1.31
14.06	1.31
14.09	1.28
14.11	1.30
14.13	1.32
14.16	1.29
14.18	1.30
14.21	1.33
14.23	1.32
14.26	1.31
14.28	1.34
14.31	1.34
14.33	1.32
14.35	1.35
14.38	1.35
14.40	1.33
14.43	1.35
14.45	1.38
14.48	1.35
14.50	1.36
14.52	1.39
14.55	1.38
14.57	1.37
14.60	1.40
14.62	1.40
14.65	1.38
14.67	1.40
14.70	1.41
14.72	1.39
14.74	1.40
14.77	1.43
14.79	1.41
14.82	1.41
14.84	1.44
14.87	1.43
14.89	1.41
14.92	1.44
14.94	1.45
14.96	1.43
14.99	1.44
15.01	1.46
15.04	1.44
15.06	1.44
15.09	1.46
15.11	1.44
15.14	1.43
15.16	1.46
15.18	1.46
15.21	1.43
15.23	1.45
15.26	1.47
15.28	1.44
15.31	1.45
15.33	1.47
15.36	1.45
15.38	1.44
15.40	1.47
15.43	1.45
15.45	1.43
15.48	1.46
15.50	1.46
15.53	1.43
15.55	1.45
15.57	1.47
15.60	1.43
15.62	1.43
15.65	1.46
15.67	1.44
15.70	1.42
15.72	1.45
15.75	1.44
15.77	1.41
15.79	1.43
15.82	1.43
15.84	1.41
15.87	1.41
15.89	1.43
15.92	1.40
15.94	1.39
15.97	1.41
15.99	1.40
16.01	1.37
16.04	1.39
16.06	1.39
16.09	1.36
16.11	1.37
16.14	1.38
16.16	1.36
16.19	1.35
16.21	1.37
16.23	1.34
16.26	1.32
16.28	1.35
16.31	1.33
16.33	1.30
16.36	1.32
16.38	1.32
16.41	1.29
16.43	1.29
16.45	1.31
16.48	1.28
16.50	1.27
16.53	1.28
16.55	1.26
16.58	1.23
16.60	1.25
16.63	1.25
16.65	1.22
16.67	1.23
16.70	1.24
16.72	1.20
16.75	1.19
16.77	1.21
16.80	1.19
16.82	1.16
16.84	1.18
16.87	1.17
16.89	1.14
16.92	1.15
16.94	1.16
16.97	1.13
16.99	1.13
17.02	1.15
17.04	1.11
17.06	1.10
17.09	1.12
17.11	1.11
17.14	1.08
17.16	1.10
17.19	1.10
17.21	1.07
17.24	1.08
17.26	1.09
17.28	1.06
17.31	1.06
17.33	1.08
17.36	1.05
17.38	1.04
17.41	1.06
17.43	1.05
17.46	1.03
17.48	1.04
17.50	1.05
17.53	1.01
17.55	1.01
17.58	1.04
17.60	1.01
17.63	1.00
17.65	1.02
17.68	1.00
17.70	0.98
17.72	1.00
17.75	1.00
17.77	0.97
17.80	0.98
17.82	0.99
17.85	0.96
17.87	0.95
17.89	0.98
17.92	0.96
17.94	0.94
17.97	0.96
17.99	0.95
18.02	0.92
18.04	0.93
18.07	0.94
18.09	0.92
18.11	0.92
18.14	0.94
18.16	0.91
18.19	0.90
18.21	0.92
18.24	0.90
18.26	0.87
18.29	0.89
18.31	0.89
18.33	0.86
18.36	0.87
18.38	0.89
18.41	0.86
18.43	0.85
18.46	0.86
18.48	0.84
18.51	0.83
18.53	0.85
18.55	0.84
18.58	0.81
18.60	0.82
18.63	0.83
18.65	0.80
18.68	0.80
18.70	0.82
18.73	0.79
18.75	0.77
18.77	0.79
18.80	0.78
18.82	0.75
18.85	0.77
18.87	0.77
18.90	0.74
18.92	0.75
18.94	0.76
18.97	0.72
18.99	0.72
19.02	0.74
19.04	0.72
19.07	0.70
19.09	0.72
19.12	0.72
19.14	0.69
19.16	0.70
19.19	0.70
19.21	0.68
19.24	0.67
19.26	0.70
19.29	0.67
19.31	0.66
19.34	0.68
19.36	0.67
19.38	0.64
19.41	0.66
19.43	0.66
19.46	0.63
19.48	0.63
19.51	0.65
19.53	0.63
19.56	0.62
19.58	0.64
19.60	0.62
19.63	0.61
19.65	0.63
19.68	0.62
19.70	0.60
19.73	0.61
19.75	0.62
19.78	0.59
19.80	0.59
19.82	0.61
19.85	0.58
19.87	0.57
19.90	0.59
19.92	0.58
19.95	0.56
19.97	0.57
19.99	0.57
20.02	0.55
20.04	0.56
20.07	0.57
20.09	0.55
20.12	0.54
20.14	0.57
20.17	0.54
20.19	0.53
20.21	0.55
20.24	0.54
20.26	0.52
20.29	0.53
20.31	0.53
20.34	0.50
20.36	0.50
20.39	0.52
20.41	0.50
20.43	0.49
20.46	0.51
20.48	0.50
20.51	0.47
20.53	0.49
20.56	0.49
20.58	0.46
20.61	0.47
20.63	0.48
20.65	0.45
20.68	0.44
20.70	0.46
20.73	0.45
20.75	0.44
20.78	0.46
20.80	0.45
20.83	0.43
20.85	0.43
20.87	0.44
20.90	0.41
20.92	0.41
20.95	0.43
20.97	0.41
21.00	0.40
21.02	0.42
21.05	0.41
21.07	0.39
21.09	0.41
21.12	0.42
21.14	0.39
21.17	0.39
21.19	0.41
21.22	0.39
21.24	0.39
21.26	0.42
21.29	0.40
21.31	0.40
21.34	0.43
21.36	0.44
21.39	0.42
21.41	0.43
21.44	0.45
21.46	0.44
21.48	0.45
21.51	0.49
21.53	0.49
21.56	0.49
21.58	0.54
21.61	0.55
21.63	0.55
21.66	0.60
21.68	0.63
21.70	0.63
21.73	0.66
21.75	0.72
21.78	0.72
21.80	0.75
21.83	0.81
21.85	0.84
21.88	0.86
21.90	0.92
21.92	0.97
21.95	0.99
21.97	1.05
22.00	1.11
22.02	1.12
22.05	1.18
22.07	1.25
22.10	1.28
22.12	1.32
22.14	1.40
22.17	1.45
22.19	1.48
22.22	1.56
22.24	1.62
22.27	1.66
22.29	1.72
22.31	1.79
22.34	1.82
22.36	1.88
22.39	1.96
22.41	2.01
22.44	2.06
22.46	2.15
22.49	2.21
22.51	2.24
22.53	2.32
22.56	2.39
22.58	2.42
22.61	2.48
22.63	2.56
22.66	2.60
22.68	2.65
22.71	2.74
22.73	2.79
22.75	2.84
22.78	2.93
22.80	2.98
22.83	3.01
22.85	3.08
22.88	3.15
22.90	3.18
22.93	3.24
22.95	3.33
22.97	3.37
23.00	3.41
23.02	3.50
23.05	3.55
23.07	3.58
23.10	3.65
23.12	3.71
23.15	3.74
23.17	3.80
23.19	3.88
23.22	3.91
23.24	3.95
23.27	4.04
23.29	4.08
23.32	4.11
23.34	4.19
23.36	4.25
23.39	4.27
23.41	4.33
23.44	4.40
23.46	4.42
23.49	4.48
23.51	4.55
23.54	4.58
23.56	4.62
23.58	4.70
23.61	4.75
23.63	4.77
23.66	4.84
23.68	4.90
23.71	4.92
23.73	4.98
23.76	5.05
23.78	5.07
23.80	5.11
23.83	5.18
23.85	5.21
23.88	5.25
23.90	5.32
23.93	5.37
23.95	5.39
23.98	5.45
24.00	5.51
24.02	5.53
24.05	5.57
24.07	5.64
24.10	5.67
24.12	5.70
24.15	5.77
24.17	5.81
24.20	5.84
24.22	5.90
24.24	5.95
24.27	5.97
24.29	6.02
24.32	6.08
24.34	6.10
24.37	6.14
24.39	6.21
24.42	6.24
24.44	6.26
24.46	6.33
24.49	6.37
24.51	6.39
24.54	6.45
24.56	6.49
24.59	6.51
24.61	6.54
24.63	6.60
24.66	6.63
24.68	6.66
24.71	6.73
24.73	6.76
24.76	6.77
24.78	6.83
24.81	6.88
24.83	6.89
24.85	6.93
24.88	6.99
24.90	7.01
24.93	7.04
24.95	7.10
24.98	7.13
25.00	7.15
25.03	7.21
25.05	7.24
25.07	7.25
25.10	7.30
25.12	7.35
25.15	7.36
25.17	7.39
25.20	7.45
25.22	7.48
25.25	7.50
25.27	7.56
25.29	7.59
25.32	7.60
25.34	7.65
25.37	7.70
25.39	7.70
25.42	7.75
25.44	7.80
25.47	7.80
25.49	7.83
25.51	7.89
25.54	7.91
25.56	7.92
25.59	7.98
25.61	8.02
25.64	8.02
25.66	8.07
25.68	8.11
25.71	8.12
25.73	8.15
25.76	8.20
25.78	8.21
25.81	8.23
25.83	8.29
25.86	8.31
25.88	8.31
25.90	8.36
25.93	8.41
25.95	8.41
25.98	8.44
26.00	8.49
26.03	8.49
26.05	8.51
26.08	8.56
26.10	8.57
26.12	8.59
26.15	8.64
26.17	8.66
26.20	8.66
26.22	8.70
26.25	8.74
26.27	8.73
26.30	8.76
26.32	8.80
26.34	8.81
26.37	8.82
26.39	8.87
26.42	8.89
26.44	8.89
26.47	8.94
26.49	8.96
26.52	8.96
26.54	8.99
26.56	9.04
26.59	9.03
26.61	9.05
26.64	9.11
26.66	9.12
26.69	9.12
26.71	9.17
26.73	9.19
26.76	9.19
26.78	9.22
26.81	9.25
26.83	9.24
26.86	9.29
26.88	9.32
26.91	9.30
26.93	9.34
26.95	9.39
26.98	9.37
27.00	9.39
27.03	9.44
27.05	9.44
27.08	9.43
27.10	9.50
27.13	9.51
27.15	9.50
27.17	9.54
27.20	9.58
27.22	9.55
27.25	9.58
27.27	9.63
27.30	9.62
27.32	9.62
27.35	9.69
27.37	9.68
27.39	9.67
27.42	9.72
27.44	9.74
27.47	9.73
27.49	9.78
27.52	9.79
27.54	9.79
27.57	9.83
27.59	9.85
27.61	9.84
27.64	9.88
27.66	9.91
27.69	9.90
27.71	9.91
27.74	9.95
27.76	9.95
27.78	9.95
27.81	9.99
27.83	10.01
27.86	10.01
27.88	10.04
27.91	10.07
27.93	10.06
27.96	10.08
27.98	10.12
28.00	10.11
28.03	10.13
28.05	10.17
28.08	10.18
28.10	10.17
28.13	10.21
28.15	10.23
28.18	10.22
28.20	10.24
28.22	10.28
28.25	10.27
28.27	10.28
28.30	10.33
28.32	10.33
28.35	10.33
28.37	10.37
28.40	10.38
28.42	10.38
28.44	10.41
28.47	10.44
28.49	10.43
28.52	10.44
28.54	10.48
28.57	10.48
28.59	10.49
28.62	10.52
28.64	10.53
28.66	10.52
28.69	10.55
28.71	10.58
28.74	10.57
28.76	10.60
28.79	10.63
28.81	10.62
28.84	10.63
28.86	10.67
28.88	10.67
28.91	10.66
28.93	10.70
28.96	10.72
28.98	10.71
29.01	10.74
29.03	10.77
29.05	10.76
29.08	10.77
29.10	10.81
29.13	10.80
29.15	10.81
29.18	10.85
29.20	10.86
29.23	10.85
29.25	10.89
29.27	10.91
29.30	10.89
29.32	10.92
29.35	10.95
29.37	10.94
29.40	10.94
29.42	10.98
29.45	10.99
29.47	10.99
29.49	11.03
29.52	11.04
29.54	11.03
29.57	11.06
29.59	11.09
29.62	11.07
29.64	11.08
29.67	11.12
29.69	11.11
29.71	11.12
29.74	11.15
29.76	11.16
29.79	11.15
29.81	11.18
29.84	11.20
29.86	11.18
29.89	11.21
29.91	11.23
29.93	11.22
29.96	11.23
29.98	11.27
30.01	11.27
30.03	11.26
30.06	11.30
30.08	11.31
30.10	11.30
30.13	11.32
30.15	11.35
30.18	11.33
30.20	11.35
30.23	11.38
30.25	11.37
30.28	11.36
30.30	11.40
30.32	11.40
30.35	11.39
30.37	11.42
30.40	11.44
30.42	11.43
30.45	11.45
30.47	11.48
30.50	11.47
30.52	11.48
30.54	11.51
30.57	11.51
30.59	11.51
30.62	11.54
30.64	11.55
30.67	11.54
30.69	11.57
30.72	11.59
30.74	11.58
30.76	11.59
30.79	11.63
30.81	11.61
30.84	11.61
30.86	11.65
30.89	11.65
30.91	11.64
30.94	11.69
30.96	11.71
30.98	11.69
31.01	11.72
31.03	11.74
31.06	11.73
31.08	11.74
31.11	11.77
31.13	11.77
31.15	11.76
31.18	11.80
31.20	11.81
31.23	11.80
31.25	11.82
31.28	11.84
31.30	11.83
31.33	11.83
31.35	11.86
31.37	11.85
31.40	11.85
31.42	11.89
31.45	11.89
31.47	11.87
31.50	11.90
31.52	11.91
31.55	11.89
31.57	11.91
31.59	11.93
31.62	11.91
31.64	11.91
31.67	11.94
31.69	11.94
31.72	11.93
31.74	11.95
31.77	11.95
31.79	11.93
31.81	11.94
31.84	11.95
31.86	11.92
31.89	11.93
31.91	11.95
31.94	11.92
31.96	11.91
31.99	11.93
32.01	11.92
32.03	11.88
32.06	11.89
32.08	11.88
32.11	11.84
32.13	11.84
32.16	11.85
32.18	11.81
32.20	11.79
32.23	11.80
32.25	11.76
32.28	11.73
32.30	11.73
32.33	11.71
32.35	11.66
32.38	11.64
32.40	11.63
32.42	11.58
32.45	11.55
32.47	11.54
32.50	11.49
32.52	11.44
32.55	11.43
32.57	11.39
32.60	11.33
32.62	11.32
32.64	11.28
32.67	11.22
32.69	11.19
32.72	11.17
32.74	11.10
32.77	11.05
32.79	11.04
32.82	10.98
32.84	10.92
32.86	10.90
32.89	10.85
32.91	10.78
32.94	10.74
32.96	10.70
32.99	10.63
33.01	10.58
33.04	10.55
33.06	10.47
33.08	10.41
33.11	10.39
33.13	10.33
33.16	10.26
33.18	10.22
33.21	10.17
33.23	10.09
33.26	10.04
33.28	10.00
33.30	9.92
33.33	9.85
33.35	9.82
33.38	9.75
33.40	9.68
33.43	9.65
33.45	9.58
33.47	9.49
33.50	9.45
33.52	9.40
33.55	9.31
33.57	9.25
33.60	9.21
33.62	9.13
33.65	9.06
33.67	9.02
33.69	8.95
33.72	8.87
33.74	8.82
33.77	8.76
33.79	8.66
33.82	8.61
33.84	8.56
33.87	8.47
33.89	8.40
33.91	8.37
33.94	8.29
33.96	8.21
33.99	8.16
34.01	8.10
34.04	8.01
34.06	7.96
34.09	7.90
34.11	7.81
34.13	7.75
34.16	7.70
34.18	7.61
34.21	7.54
34.23	7.50
34.26	7.43
34.28	7.34
34.31	7.29
34.33	7.23
34.35	7.14
34.38	7.09
34.40	7.04
34.43	6.95
34.45	6.88
34.48	6.84
34.50	6.76
34.52	6.69
34.55	6.65
34.57	6.58
34.60	6.49
34.62	6.44
34.65	6.40
34.67	6.31
34.70	6.24
34.72	6.21
34.74	6.12
34.77	6.06
34.79	6.02
34.82	5.96
34.84	5.87
34.87	5.84
34.89	5.78
34.92	5.70
34.94	5.65
34.96	5.61
34.99	5.52
35.01	5.46
35.04	5.44
35.06	5.37
35.09	5.30
35.11	5.27
35.14	5.21
35.16	5.13
35.18	5.09
35.21	5.04
35.23	4.97
35.26	4.91
35.28	4.88
35.31	4.81
35.33	4.74
35.36	4.72
35.38	4.66
35.40	4.58
35.43	4.55
35.45	4.51
35.48	4.43
35.50	4.39
35.53	4.36
35.55	4.29
35.57	4.24
35.60	4.21
35.62	4.15
35.65	4.09
35.67	4.07
35.70	4.01
35.72	3.94
35.75	3.91
35.77	3.88
35.79	3.80
35.82	3.76
35.84	3.74
35.87	3.68
35.89	3.63
35.92	3.61
35.94	3.56
35.97	3.50
35.99	3.48
36.01	3.45
36.04	3.38
36.06	3.35
36.09	3.33
36.11	3.26
36.14	3.22
36.16	3.21
36.19	3.16
36.21	3.10
36.23	3.08
36.26	3.05
36.28	2.99
36.31	2.96
36.33	2.94
36.36	2.88
36.38	2.85
36.41	2.83
36.43	2.77
36.45	2.73
36.48	2.72
36.50	2.68
36.53	2.62
36.55	2.61
36.58	2.59
36.60	2.52
36.62	2.50
36.65	2.48
36.67	2.43
36.70	2.39
36.72	2.38
36.75	2.34
36.77	2.29
36.80	2.29
36.82	2.26
36.84	2.20
36.87	2.19
36.89	2.17
36.92	2.11
36.94	2.08
36.97	2.08
36.99	2.03
37.02	1.99
37.04	1.98
37.06	1.95
37.09	1.90
37.11	1.89
37.14	1.87
37.16	1.81
37.19	1.80
37.21	1.79
37.24	1.73
37.26	1.70
37.28	1.70
37.31	1.66
37.33	1.62
37.36	1.62
37.38	1.59
37.41	1.54
37.43	1.53
37.46	1.52
37.48	1.48
37.50	1.45
37.53	1.46
37.55	1.41
37.58	1.38
37.60	1.39
37.63	1.36
37.65	1.31
37.68	1.31
37.70	1.30
37.72	1.26
37.75	1.25
37.77	1.26
37.80	1.22
37.82	1.20
37.85	1.21
37.87	1.19
37.89	1.16
37.92	1.18
37.94	1.18
37.97	1.14
37.99	1.16
38.02	1.16
38.04	1.14
38.07	1.14
38.09	1.17
38.11	1.16
38.14	1.15
38.16	1.19
38.19	1.19
38.21	1.18
38.24	1.22
38.26	1.25
38.29	1.24
38.31	1.28
38.33	1.32
38.36	1.32
38.38	1.35
38.41	1.41
38.43	1.43
38.46	1.45
38.48	1.52
38.51	1.56
38.53	1.57
38.55	1.63
38.58	1.70
38.60	1.72
38.63	1.77
38.65	1.85
38.68	1.89
38.70	1.94
38.73	2.02
38.75	2.07
38.77	2.10
38.80	2.18
38.82	2.25
38.85	2.29
38.87	2.36
38.90	2.45
38.92	2.49
38.94	2.55
38.97	2.64
38.99	2.69
39.02	2.75
39.04	2.84
39.07	2.90
39.09	2.94
39.12	3.03
39.14	3.10
39.16	3.14
39.19	3.21
39.21	3.31
39.24	3.35
39.26	3.41
39.29	3.50
39.31	3.55
39.34	3.59
39.36	3.67
39.38	3.74
39.41	3.79
39.43	3.86
39.46	3.95
39.48	3.98
39.51	4.04
39.53	4.13
39.56	4.17
39.58	4.21
39.60	4.30
39.63	4.36
39.65	4.39
39.68	4.47
39.70	4.54
39.73	4.57
39.75	4.64
39.78	4.72
39.80	4.76
39.82	4.81
39.85	4.90
39.87	4.94
39.90	4.98
39.92	5.07
39.95	5.13
39.97	5.16
39.99	5.23
40.02	5.31
40.04	5.35
40.07	5.40
40.09	5.49
40.12	5.54
40.14	5.58
40.17	5.67
40.19	5.73
40.21	5.76
40.24	5.84
40.26	5.92
40.29	5.95
40.31	6.02
40.34	6.10
40.36	6.15
40.39	6.20
40.41	6.30
40.43	6.35
40.46	6.39
40.48	6.48
40.51	6.55
40.53	6.59
40.56	6.67
40.58	6.75
40.61	6.79
40.63	6.85
40.65	6.95
40.68	7.00
40.70	7.05
40.73	7.15
40.75	7.21
40.78	7.25
40.80	7.33
40.83	7.41
40.85	7.45
40.87	7.53
40.90	7.62
40.92	7.67
40.95	7.73
40.97	7.83
41.00	7.88
41.02	7.92
41.05	8.01
41.07	8.08
41.09	8.12
41.12	8.20
41.14	8.29
41.17	8.33
41.19	8.39
41.22	8.49
41.24	8.54
41.26	8.59
41.29	8.67
41.31	8.73
41.34	8.77
41.36	8.85
41.39	8.92
41.41	8.96
41.44	9.03
41.46	9.12
41.48	9.16
41.51	9.21
41.53	9.30
41.56	9.36
41.58	9.39
41.61	9.47
41.63	9.54
41.66	9.57
41.68	9.65
41.70	9.73
41.73	9.76
41.75	9.82
41.78	9.91
41.80	9.94
41.83	9.99
41.85	10.08
41.88	10.14
41.90	10.17
41.92	10.24
41.95	10.31
41.97	10.35
42.00	10.41
42.02	10.49
42.05	10.53
42.07	10.58
42.10	10.67
42.12	10.71
42.14	10.75
42.17	10.83
42.19	10.89
42.22	10.92
42.24	10.99
42.27	11.06
42.29	11.09
42.31	11.15
42.34	11.23
42.36	11.28
42.39	11.32
42.41	11.40
42.44	11.45
42.46	11.48
42.49	11.55
42.51	11.61
42.53	11.64
42.56	11.70
42.58	11.78
42.61	11.81
42.63	11.85
42.66	11.93
42.68	11.98
42.71	12.00
42.73	12.07
42.75	12.13
42.78	12.15
42.80	12.22
42.83	12.28
42.85	12.31
42.88	12.35
42.90	12.42
42.93	12.46
42.95	12.50
42.97	12.58
43.00	12.62
43.02	12.64
43.05	12.70
43.07	12.76
43.10	12.78
43.12	12.84
43.15	12.91
43.17	12.93
43.19	12.97
43.22	13.05
43.24	13.08
43.27	13.11
43.29	13.18
43.32	13.23
43.34	13.25
43.36	13.31
43.39	13.37
43.41	13.39
43.44	13.43
43.46	13.50
43.49	13.53
43.51	13.56
43.54	13.63
43.56	13.68
43.58	13.70
43.61	13.76
43.63	13.81
43.66	13.83
43.68	13.87
43.71	13.94
43.73	13.95
43.76	13.99
43.78	14.06
43.80	14.09
43.83	14.12
43.85	14.18
43.88	14.22
43.90	14.24
43.93	14.30
43.95	14.35
43.98	14.36
44.00	14.40
44.02	14.47
44.05	14.50
44.07	14.52
44.10	14.60
44.12	14.63
44.15	14.64
44.17	14.70
44.20	14.75
44.22	14.76
44.24	14.80
44.27	14.87
44.29	14.89
44.32	14.92
44.34	14.98
44.37	15.01
44.39	15.03
44.41	15.09
44.44	15.13
44.46	15.14
44.49	15.19
44.51	15.24
44.54	15.26
44.56	15.29
44.59	15.36
44.61	15.38
44.63	15.41
44.66	15.47
44.68	15.50
44.71	15.51
44.73	15.57
44.76	15.61
44.78	15.62
44.81	15.66
44.83	15.72
44.85	15.74
44.88	15.77
44.90	15.83
44.93	15.85
44.95	15.87
44.98	15.93
45.00	15.97
45.03	15.98
45.05	16.02
45.07	16.08
45.10	16.08
45.12	16.12
45.15	16.17
45.17	16.19
45.20	16.21
45.22	16.27
45.25	16.30
45.27	16.31
45.29	16.36
45.32	16.40
45.34	16.41
45.37	16.44
45.39	16.50
45.42	16.51
45.44	16.54
45.47	16.60
45.49	16.62
45.51	16.64
45.54	16.70
45.56	16.73
45.59	16.74
45.61	16.78
45.64	16.83
45.66	16.83
45.68	16.86
45.71	16.92
45.73	16.94
45.76	16.96
45.78	17.02
45.81	17.05
45.83	17.06
45.86	17.10
45.88	17.14
45.90	17.15
45.93	17.18
45.95	17.24
45.98	17.25
46.00	17.27
46.03	17.33
46.05	17.35
46.08	17.36
46.10	17.41
46.12	17.45
46.15	17.46
46.17	17.49
46.20	17.53
46.22	17.54
46.25	17.57
46.27	17.62
46.30	17.64
46.32	17.65
46.34	17.71
46.37	17.74
46.39	17.73
46.42	17.78
46.44	17.82
46.47	17.82
46.49	17.85
46.52	17.91
46.54	17.92
46.56	17.94
46.59	17.99
46.61	18.01
46.64	18.02
46.66	18.07
46.69	18.10
46.71	18.11
46.73	18.15
46.76	18.19
46.78	18.19
46.81	18.21
46.83	18.26
46.86	18.28
46.88	18.29
46.91	18.34
46.93	18.37
46.95	18.37
46.98	18.41
47.00	18.45
47.03	18.45
47.05	18.49
47.08	18.53
47.10	18.53
47.13	18.55
47.15	18.60
47.17	18.62
47.20	18.63
47.22	18.68
47.25	18.71
47.27	18.71
47.30	18.75
47.32	18.79
47.35	18.79
47.37	18.81
47.39	18.86
47.42	18.87
47.44	18.89
47.47	18.94
47.49	18.96
47.52	18.96
47.54	19.01
47.57	19.04
47.59	19.04
47.61	19.06
47.64	19.12
47.66	19.12
47.69	19.14
47.71	19.19
47.74	19.21
47.76	19.22
47.78	19.26
47.81	19.29
47.83	19.29
47.86	19.33
47.88	19.36
47.91	19.36
47.93	19.39
47.96	19.44
47.98	19.44
48.00	19.45
48.03	19.50
48.05	19.52
48.08	19.51
48.10	19.55
48.13	19.58
48.15	19.58
48.18	19.61
48.20	19.65
48.22	19.64
48.25	19.65
48.27	19.70
48.30	19.71
48.32	19.70
48.35	19.74
48.37	19.76
48.40	19.75
48.42	19.78
48.44	19.81
48.47	19.80
48.49	19.80
48.52	19.84
48.54	19.83
48.57	19.83
48.59	19.86
48.62	19.87
48.64	19.85
48.66	19.88
48.69	19.89
48.71	19.86
48.74	19.87
48.76	19.89
48.79	19.87
48.81	19.86
48.84	19.88
48.86	19.86
48.88	19.83
48.91	19.85
48.93	19.84
48.96	19.81
48.98	19.82
49.01	19.81
49.03	19.77
49.05	19.75
49.08	19.76
49.10	19.72
49.13	19.69
49.15	19.69
49.18	19.67
49.20	19.62
49.23	19.61
49.25	19.59
49.27	19.54
49.30	19.52
49.32	19.51
49.35	19.46
49.37	19.43
49.40	19.42
49.42	19.38
49.45	19.32
49.47	19.31
49.49	19.28
49.52	19.22
49.54	19.19
49.57	19.17
49.59	19.11
49.62	19.07
49.64	19.05
49.67	19.00
49.69	18.95
49.71	18.93
49.74	18.88
49.76	18.81
49.79	18.78
49.81	18.75
49.84	18.68
49.86	18.64
49.89	18.63
49.91	18.56
49.93	18.50
49.96	18.48
49.98	18.42
50.01	18.35
50.03	18.32
50.06	18.28
50.08	18.20
50.10	18.17
50.13	18.13
50.15	18.06
50.18	18.00
50.20	17.98
50.23	17.91
50.25	17.84
50.28	17.82
50.30	17.76
50.32	17.67
50.35	17.64
50.37	17.59
50.40	17.52
50.42	17.47
50.45	17.44
50.47	17.36
50.50	17.29
50.52	17.26
50.54	17.19
50.57	17.11
50.59	17.08
50.62	17.03
50.64	16.94
50.67	16.89
50.69	16.85
50.72	16.76
50.74	16.70
50.76	16.65
50.79	16.58
50.81	16.50
50.84	16.46
50.86	16.39
50.89	16.29
50.91	16.25
50.94	16.20
50.96	16.10
50.98	16.04
51.01	16.01
51.03	15.91
51.06	15.84
51.08	15.80
51.11	15.72
51.13	15.63
51.15	15.58
51.18	15.51
51.20	15.42
51.23	15.37
51.25	15.31
51.28	15.22
51.30	15.15
51.33	15.11
51.35	15.02
51.37	14.94
51.40	14.90
51.42	14.83
51.45	14.73
51.47	14.68
51.50	14.62
51.52	14.53
51.55	14.47
51.57	14.43
51.59	14.33
51.62	14.26
51.64	14.22
51.67	14.14
51.69	14.05
51.72	14.01
51.74	13.94
51.77	13.85
51.79	13.80
51.81	13.76
51.84	13.66
51.86	13.60
51.89	13.56
51.91	13.47
51.94	13.39
51.96	13.34
51.99	13.27
52.01	13.18
52.03	13.13
52.06	13.07
52.08	12.98
52.11	12.92
52.13	12.89
52.16	12.80
52.18	12.72
52.20	12.69
52.23	12.61
52.25	12.52
52.28	12.47
52.30	12.41
52.33	12.32
52.35	12.27
52.38	12.22
52.40	12.13
52.42	12.06
52.45	12.02
52.47	11.93
52.50	11.86
52.52	11.82
52.55	11.76
52.57	11.66
52.60	11.62
52.62	11.56
52.64	11.48
52.67	11.42
52.69	11.38
52.72	11.30
52.74	11.22
52.77	11.19
52.79	11.11
52.82	11.03
52.84	11.00
52.86	10.93
52.89	10.84
52.91	10.79
52.94	10.75
52.96	10.66
52.99	10.60
53.01	10.57
53.04	10.50
53.06	10.42
53.08	10.38
53.11	10.32
53.13	10.23
53.16	10.19
53.18	10.13
53.21	10.04
53.23	10.00
53.26	9.96
53.28	9.88
53.30	9.81
53.33	9.78
53.35	9.71
53.38	9.62
53.40	9.59
53.43	9.53
53.45	9.45
53.47	9.40
53.50	9.36
53.52	9.28
53.55	9.22
53.57	9.19
53.60	9.11
53.62	9.03
53.65	9.00
53.67	8.94
53.69	8.85
53.72	8.81
53.74	8.77
53.77	8.68
53.79	8.64
53.82	8.60
53.84	8.52
53.87	8.46
53.89	8.43
53.91	8.34
53.94	8.29
53.96	8.27
53.99	8.18
54.01	8.11
54.04	8.10
54.06	8.02
54.09	7.93
54.11	7.92
54.13	7.88
54.16	7.78
54.18	7.74
54.21	7.72
54.23	7.62
54.26	7.57
54.28	7.56
54.31	7.49
54.33	7.41
54.35	7.41
54.38	7.35
54.40	7.26
54.43	7.26
54.45	7.24
54.48	7.15
54.50	7.12
54.52	7.11
54.55	7.04
54.57	7.01
54.60	6.98
54.62	6.93
54.65	6.89
54.67	6.89
54.70	6.85
54.72	6.81
54.74	6.82
54.77	6.79
54.79	6.74
54.82	6.75
54.84	6.74
54.87	6.70
54.89	6.70
54.92	6.72
54.94	6.69
54.96	6.69
54.99	6.72
55.01	6.71
55.04	6.69
55.06	6.73
55.09	6.74
55.11	6.72
55.14	6.75
55.16	6.78
55.18	6.77
55.21	6.79
55.23	6.84
55.26	6.85
55.28	6.86
55.31	6.91
55.33	6.93
55.36	6.94
55.38	6.99
55.40	7.04
55.43	7.04
55.45	7.09
55.48	7.14
55.50	7.15
55.53	7.18
55.55	7.25
55.57	7.27
55.60	7.29
55.62	7.35
55.65	7.40
55.67	7.41
55.70	7.46
55.72	7.52
55.75	7.53
55.77	7.57
55.79	7.63
55.82	7.64
55.84	7.67
55.87	7.74
55.89	7.77
55.92	7.78
55.94	7.84
55.97	7.89
55.99	7.90
56.01	7.94
56.04	8.00
56.06	8.01
56.09	8.04
56.11	8.10
56.14	8.12
56.16	8.15
56.19	8.21
56.21	8.25
56.23	8.25
56.26	8.30
56.28	8.35
56.31	8.36
56.33	8.39
56.36	8.46
56.38	8.47
56.41	8.49
56.43	8.56
56.45	8.59
56.48	8.61
56.50	8.67
56.53	8.72
56.55	8.74
56.58	8.79
56.60	8.85
56.62	8.87
56.65	8.91
56.67	8.98
56.70	9.02
56.72	9.05
56.75	9.13
56.77	9.19
56.80	9.22
56.82	9.29
56.84	9.37
56.87	9.40
56.89	9.47
56.92	9.56
56.94	9.60
56.97	9.65
56.99	9.75
57.02	9.81
57.04	9.86
57.06	9.96
57.09	10.04
57.11	10.09
57.14	10.18
57.16	10.28
57.19	10.33
57.21	10.40
57.24	10.51
57.26	10.57
57.28	10.64
57.31	10.76
57.33	10.85
57.36	10.90
57.38	11.02
57.41	11.11
57.43	11.17
57.46	11.27
57.48	11.38
57.50	11.44
57.53	11.51
57.55	11.63
57.58	11.72
57.60	11.78
57.63	11.90
57.65	12.00
57.68	12.07
57.70	12.18
57.72	12.29
57.75	12.35
57.77	12.43
57.80	12.55
57.82	12.63
57.85	12.71
57.87	12.83
57.89	12.92
57.92	12.98
57.94	13.10
57.97	13.20
57.99	13.27
58.02	13.37
58.04	13.48
58.07	13.54
58.09	13.63
58.11	13.75
58.14	13.84
58.16	13.91
58.19	14.03
58.21	14.13
58.24	14.20
58.26	14.30
58.29	14.42
58.31	14.49
58.33	14.58
58.36	14.70
58.38	14.78
58.41	14.87
58.43	14.99
58.46	15.09
58.48	15.16
58.51	15.28
58.53	15.40
58.55	15.47
58.58	15.58
58.60	15.71
58.63	15.79
58.65	15.88
58.68	16.01
58.70	16.11
58.73	16.19
58.75	16.33
58.77	16.44
58.80	16.52
58.82	16.64
58.85	16.77
58.87	16.85
58.90	16.96
58.92	17.10
58.94	17.19
58.97	17.28
58.99	17.42
59.02	17.54
59.04	17.63
59.07	17.76
59.09	17.89
59.12	17.98
59.14	18.11
59.16	18.25
59.19	18.34
59.21	18.45
59.24	18.60
59.26	18.71
59.29	18.81
59.31	18.96
59.34	19.08
59.36	19.17
59.38	19.31
59.41	19.45
59.43	19.55
59.46	19.66
59.48	19.81
59.51	19.92
59.53	20.02
59.56	20.17
59.58	20.30
59.60	20.40
59.63	20.55
59.65	20.68
59.68	20.78
59.70	20.91
59.73	21.06
59.75	21.17
59.78	21.28
59.80	21.44
59.82	21.55
59.85	21.66
59.87	21.81
59.90	21.95
59.92	22.05
59.95	22.20
59.97	22.34
59.99	22.44
60.02	22.58
60.04	22.73
60.07	22.84
60.09	22.96
60.12	23.12
60.14	23.25
60.17	23.36
60.19	23.51
60.21	23.66
60.24	23.77
60.26	23.92
60.29	24.09
60.31	24.20
60.34	24.33
60.36	24.49
60.39	24.61
60.41	24.73
60.43	24.90
60.46	25.05
60.48	25.16
60.51	25.32
60.53	25.49
60.56	25.61
60.58	25.75
60.61	25.92
60.63	26.04
60.65	26.17
60.68	26.34
60.70	26.48
60.73	26.61
60.75	26.78
60.78	26.95
60.80	27.07
60.83	27.23
60.85	27.41
60.87	27.53
60.90	27.67
60.92	27.85
60.95	27.98
60.97	28.12
61.00	28.31
61.02	28.47
61.05	28.60
61.07	28.78
61.09	28.95
61.12	29.08
61.14	29.23
61.17	29.42
61.19	29.55
61.22	29.69
61.24	29.88
61.26	30.03
61.29	30.17
61.31	30.36
61.34	30.53
61.36	30.67
61.39	30.84
61.41	31.03
61.44	31.17
61.46	31.32
61.48	31.50
61.51	31.66
61.53	31.81
61.56	32.01
61.58	32.18
61.61	32.32
61.63	32.50
61.66	32.69
61.68	32.83
61.70	33.00
61.73	33.20
61.75	33.35
61.78	33.51
61.80	33.70
61.83	33.88
61.85	34.03
61.88	34.24
61.90	34.42
61.92	34.57
61.95	34.76
61.97	34.97
62.00	35.13
62.02	35.30
62.05	35.51
62.07	35.68
62.10	35.84
62.12	36.05
62.14	36.24
62.17	36.41
62.19	36.62
62.22	36.82
62.24	36.98
62.27	37.17
62.29	37.39
62.31	37.56
62.34	37.74
62.36	37.96
62.39	38.15
62.41	38.33
62.44	38.55
62.46	38.77
62.49	38.95
62.51	39.16
62.53	39.39
62.56	39.58
62.58	39.78
62.61	40.01
62.63	40.19
62.66	40.39
62.68	40.63
62.71	40.84
62.73	41.03
62.75	41.26
62.78	41.50
62.80	41.68
62.83	41.91
62.85	42.15
62.88	42.35
62.90	42.56
62.93	42.82
62.95	43.03
62.97	43.23
63.00	43.49
63.02	43.72
63.05	43.93
63.07	44.17
63.10	44.42
63.12	44.63
63.15	44.84
63.17	45.10
63.19	45.30
63.22	45.51
63.24	45.78
63.27	46.02
63.29	46.24
63.32	46.50
63.34	46.73
63.36	46.95
63.39	47.19
63.41	47.42
63.44	47.61
63.46	47.82
63.49	48.02
63.51	48.18
63.54	48.35
63.56	48.54
63.58	48.69
63.61	48.82
63.63	48.99
63.66	49.11
63.68	49.22
63.71	49.34
63.73	49.45
63.76	49.52
63.78	49.61
63.80	49.72
63.83	49.77
63.85	49.82
63.88	49.90
63.90	49.93
63.93	49.94
63.95	49.98
63.98	49.99
64.00	49.99
64.02	49.99
64.05	49.99
64.07	49.99
64.10	49.99
64.12	49.99
64.15	49.99
64.17	49.99
64.20	49.99
64.22	49.99
64.24	49.99
64.27	49.99
64.29	49.99
64.32	49.99
64.34	49.99
64.37	49.99
64.39	49.99
64.41	49.99
64.44	49.99
64.46	49.99
64.49	49.99
64.51	49.99
64.54	49.99
64.56	49.99
64.59	49.99
64.61	49.99
64.63	49.99
64.66	49.99
64.68	49.99
64.71	49.99
64.73	49.99
64.76	49.99
64.78	49.99
64.81	49.99
64.83	49.99
64.85	49.99
64.88	49.99
64.90	49.99
64.93	49.99
64.95	49.99
64.98	49.99
65.00	49.99
65.03	49.99
65.05	49.99
65.07	49.99
65.10	49.99
65.12	49.99
65.15	49.99
65.17	49.99
65.20	49.99
65.22	49.99
65.25	49.99
65.27	49.99
65.29	49.99
65.32	49.99
65.34	49.99
65.37	49.99
65.39	49.99
65.42	49.99
65.44	49.99
65.47	49.99
65.49	49.99
65.51	49.99
65.54	49.99
65.56	49.99
65.59	49.99
65.61	49.99
65.64	49.99
65.66	49.99
65.68	49.99
65.71	49.99
65.73	49.99
65.76	49.99
65.78	49.99
65.81	49.99
65.83	49.99
65.86	49.99
65.88	49.99
65.90	49.99
65.93	49.99
65.95	49.99
65.98	49.99
66.00	49.99
66.03	49.99
66.05	49.99
66.08	49.99
66.10	49.99
66.12	49.99
66.15	49.99
66.17	49.99
66.20	49.99
66.22	49.99
66.25	49.99
66.27	49.99
66.30	49.99
66.32	49.99
66.34	49.99
66.37	49.99
66.39	49.99
66.42	49.99
66.44	49.99
66.47	49.99
66.49	49.99
66.52	49.99
66.54	49.99
66.56	49.99
66.59	49.99
66.61	49.99
66.64	49.99
66.66	49.99
66.69	49.99
66.71	49.99
66.73	49.99
66.76	49.99
66.78	49.99
66.81	49.99
66.83	49.99
66.86	49.99
66.88	49.99
66.91	49.99
66.93	49.99
66.95	49.99
66.98	49.99
67.00	49.99
67.03	49.99
67.05	49.99
67.08	49.99
67.10	49.99
67.13	49.99
67.15	49.99
67.17	49.99
67.20	49.99
67.22	49.99
67.25	49.99
67.27	49.99
67.30	49.99
67.32	49.99
67.35	49.99
67.37	49.99
67.39	49.99
67.42	49.99
67.44	49.99
67.47	49.99
67.49	49.99
67.52	49.99
67.54	49.99
67.57	49.99
67.59	49.99
67.61	49.99
67.64	49.99
67.66	49.99
67.69	49.99
67.71	49.99
67.74	49.99
67.76	49.99
67.78	49.99
67.81	49.99
67.83	49.99
67.86	49.99
67.88	49.99
67.91	49.99
67.93	49.99
67.96	49.99
67.98	49.99
68.00	49.99
68.03	49.99
68.05	49.99
68.08	49.99
68.10	49.99
68.13	49.99
68.15	49.99
68.18	49.99
68.20	49.99
68.22	49.99
68.25	49.99
68.27	49.99
68.30	49.99
68.32	49.99
68.35	49.99
68.37	49.99
68.40	49.99
68.42	49.99
68.44	49.99
68.47	49.99
68.49	49.99
68.52	49.99
68.54	49.99
68.57	49.99
68.59	49.99
68.62	49.99
68.64	49.99
68.66	49.99
68.69	49.99
68.71	49.99
68.74	49.99
68.76	49.99
68.79	49.99
68.81	49.99
68.83	49.99
68.86	49.99
68.88	49.99
68.91	49.99
68.93	49.99
68.96	49.99
68.98	49.99
69.01	49.99
69.03	49.99
69.05	49.99
69.08	49.99
69.10	49.99
69.13	49.99
69.15	49.99
69.18	49.99
69.20	49.99
69.23	49.99
69.25	49.99
69.27	49.99
69.30	49.99
69.32	49.99
69.35	49.99
69.37	49.99
69.40	49.99
69.42	49.99
69.45	49.99
69.47	49.99
69.49	49.99
69.52	49.99
69.54	49.99
69.57	49.99
69.59	49.99
69.62	49.99
69.64	49.99
69.67	49.99
69.69	49.99
69.71	49.99
69.74	49.99
69.76	49.99
69.79	49.99
69.81	49.99
69.84	49.99
69.86	49.99
69.89	49.99
69.91	49.99
69.93	49.99
69.96	49.99
69.98	49.99
70.01	49.99
70.03	49.99
70.06	49.99
70.08	49.99
70.10	49.99
70.13	49.99
70.15	49.99
70.18	49.99
70.20	49.99
70.23	49.99
70.25	49.99
70.28	49.99
70.30	49.99
70.32	49.99
70.35	49.99
70.37	49.99
70.40	49.99
70.42	49.99
70.45	49.99
70.47	49.99
70.50	49.99
70.52	49.99
70.54	49.99
70.57	49.99
70.59	49.99
70.62	49.99
70.64	49.99
70.67	49.99
70.69	49.99
70.72	49.99
70.74	49.99
70.76	49.99
70.79	49.99
70.81	49.99
70.84	49.99
70.86	49.99
70.89	49.99
70.91	49.99
70.94	49.99
70.96	49.99
70.98	49.99
71.01	49.99
71.03	49.99
71.06	49.99
71.08	49.99
71.11	49.99
71.13	49.99
71.15	49.99
71.18	49.99
71.20	49.99
71.23	49.99
71.25	49.99
71.28	49.99
71.30	49.99
71.33	49.99
71.35	49.99
71.37	49.99
71.40	49.99
71.42	49.99
71.45	49.99
71.47	49.99
71.50	49.99
71.52	49.99
71.55	49.99
71.57	49.99
71.59	49.99
71.62	49.99
71.64	49.99
71.67	49.99
71.69	49.99
71.72	49.99
71.74	49.99
71.77	49.99
71.79	49.99
71.81	49.99
71.84	49.99
71.86	49.99
71.89	49.99
71.91	49.99
71.94	49.99
71.96	49.99
71.99	49.99
72.01	49.99
72.03	49.99
72.06	49.99
72.08	49.99
72.11	49.99
72.13	49.99
72.16	49.99
72.18	49.99
72.20	49.99
72.23	49.99
72.25	49.99
72.28	49.99
72.30	49.99
72.33	49.99
72.35	49.99
72.38	49.99
72.40	49.99
72.42	49.99
72.45	49.99
72.47	49.99
72.50	49.99
72.52	49.99
72.55	49.99
72.57	49.99
72.60	49.99
72.62	49.99
72.64	49.99
72.67	49.99
72.69	49.99
72.72	49.99
72.74	49.99
72.77	49.99
72.79	49.99
72.82	49.99
72.84	49.99
72.86	49.99
72.89	49.99
72.91	49.99
72.94	49.99
72.96	49.99
72.99	49.99
73.01	49.99
73.04	49.99
73.06	49.99
73.08	49.99
73.11	49.99
73.13	49.99
73.16	49.99
73.18	49.99
73.21	49.99
73.23	49.99
73.25	49.99
73.28	49.99
73.30	49.99
73.33	49.99
73.35	49.99
73.38	49.99
73.40	49.99
73.43	49.99
73.45	49.99
73.47	49.99
73.50	49.99
73.52	49.99
73.55	49.99
73.57	49.99
73.60	49.99
73.62	49.99
73.65	49.99
73.67	49.99
73.69	49.99
73.72	49.99
73.74	49.99
73.77	49.99
73.79	49.99
73.82	49.99
73.84	49.99
73.87	49.99
73.89	49.99
73.91	49.99
73.94	49.99
73.96	49.99
73.99	49.99
74.01	49.99
74.04	49.99
74.06	49.99
74.09	49.99
74.11	49.99
74.13	49.99
74.16	49.99
74.18	49.99
74.21	49.99
74.23	49.99
74.26	49.99
74.28	49.99
74.31	49.99
74.33	49.99
74.35	49.99
74.38	49.99
74.40	49.99
74.43	49.99
74.45	49.99
74.48	49.99
74.50	49.99
74.52	49.99
74.55	49.99
74.57	49.99
74.60	49.99
74.62	49.99
74.65	49.99
74.67	49.99
74.70	49.99
74.72	49.99
74.74	49.99
74.77	49.99
74.79	49.99
74.82	49.99
74.84	49.99
74.87	49.99
74.89	49.99
74.92	49.99
74.94	49.99
74.96	49.99
74.99	49.99
75.01	49.99
75.04	49.99
75.06	49.99
75.09	49.99
75.11	49.99
75.14	49.99
75.16	49.99
75.18	49.99
75.21	49.99
75.23	49.99
75.26	49.99
75.28	49.99
75.31	49.99
75.33	49.99
75.36	49.99
75.38	49.99
75.40	49.99
75.43	49.99
75.45	49.99
75.48	49.99
75.50	49.99
75.53	49.99
75.55	49.99
75.57	49.99
75.60	49.99
75.62	49.99
75.65	49.99
75.67	49.99
75.70	49.99
75.72	49.99
75.75	49.99
75.77	49.99
75.79	49.99
75.82	49.99
75.84	49.99
75.87	49.99
75.89	49.99
75.92	49.99
75.94	49.99
75.97	49.99
75.99	49.99
76.01	49.99
76.04	49.99
76.06	49.99
76.09	49.99
76.11	49.99
76.14	49.99
76.16	49.99
76.19	49.99
76.21	49.99
76.23	49.99
76.26	49.99
76.28	49.99
76.31	49.99
76.33	49.99
76.36	49.99
76.38	49.99
76.41	49.99
76.43	49.99
76.45	49.99
76.48	49.99
76.50	49.99
76.53	49.99
76.55	49.99
76.58	49.99
76.60	49.99
76.62	49.99
76.65	49.99
76.67	49.99
76.70	49.99
76.72	49.99
76.75	49.99
76.77	49.99
76.80	49.99
76.82	49.99
76.84	49.99
76.87	49.99
76.89	49.99
76.92	49.99
76.94	49.99
76.97	49.99
76.99	49.99
77.02	49.99
77.04	49.99
77.06	49.99
77.09	49.99
77.11	49.99
77.14	49.99
77.16	49.99
77.19	49.99
77.21	49.99
77.24	49.99
77.26	49.99
77.28	49.99
77.31	49.99
77.33	49.99
77.36	49.99
77.38	49.99
77.41	49.99
77.43	49.99
77.46	49.99
77.48	49.99
77.50	49.99
77.53	49.99
77.55	49.99
77.58	49.99
77.60	49.99
77.63	49.99
77.65	49.99
77.68	49.99
77.70	49.99
77.72	49.99
77.75	49.99
77.77	49.99
77.80	49.99
77.82	49.99
77.85	49.99
77.87	49.99
77.89	49.99
77.92	49.99
77.94	49.99
77.97	49.99
77.99	49.99
78.02	49.99
78.04	49.99
78.07	49.99
78.09	49.99
78.11	49.99
78.14	49.99
78.16	49.99
78.19	49.99
78.21	49.99
78.24	49.99
78.26	49.99
78.29	49.99
78.31	49.99
78.33	49.99
78.36	49.99
78.38	49.99
78.41	49.99
78.43	49.99
78.46	49.99
78.48	49.99
78.51	49.99
78.53	49.99
78.55	49.99
78.58	49.99
78.60	49.99
78.63	49.99
78.65	49.99
78.68	49.99
78.70	49.99
78.73	49.99
78.75	49.99
78.77	49.99
78.80	49.99
78.82	49.99
78.85	49.99
78.87	49.99
78.90	49.99
78.92	49.99
78.94	49.99
78.97	49.99
78.99	49.99
79.02	49.99
79.04	49.99
79.07	49.99
79.09	49.99
79.12	49.99
79.14	49.99
79.16	49.99
79.19	49.99
79.21	49.99
79.24	49.99
79.26	49.99
79.29	49.99
79.31	49.99
79.34	49.99
79.36	49.99
79.38	49.99
79.41	49.99
79.43	49.99
79.46	49.99
79.48	49.99
79.51	49.99
79.53	49.99
79.56	49.99
79.58	49.99
79.60	49.99
79.63	49.99
79.65	49.99
79.68	49.99
79.70	49.99
79.73	49.99
79.75	49.99
79.78	49.99
79.80	49.99
79.82	49.99
79.85	49.99
79.87	49.99
79.90	49.99
79.92	49.99
79.95	49.99
79.97	49.99
79.99	49.99
80.02	49.99
80.04	49.99
80.07	49.99
80.09	49.99
80.12	49.99
80.14	49.99
80.17	49.99
80.19	49.99
80.21	49.99
80.24	49.99
80.26	49.99
80.29	49.99
80.31	49.99
80.34	49.99
80.36	49.99
80.39	49.99
80.41	49.99
80.43	49.99
80.46	49.99
80.48	49.99
80.51	49.99
80.53	49.99
80.56	49.99
80.58	49.99
80.61	49.99
80.63	49.99
80.65	49.99
80.68	49.99
80.70	49.99
80.73	49.99
80.75	49.99
80.78	49.99
80.80	49.99
80.83	49.99
80.85	49.99
80.87	49.99
80.90	49.99
80.92	49.99
80.95	49.99
80.97	49.99
81.00	49.99
81.02	49.99
81.04	49.99
81.07	49.99
81.09	49.99
81.12	49.99
81.14	49.99
81.17	49.99
81.19	49.99
81.22	49.99
81.24	49.99
81.26	49.99
81.29	49.99
81.31	49.99
81.34	49.99
81.36	49.99
81.39	49.99
81.41	49.99
81.44	49.99
81.46	49.99
81.48	49.99
81.51	49.99
81.53	49.99
81.56	49.99
81.58	49.99
81.61	49.99
81.63	49.99
81.66	49.99
81.68	49.99
81.70	49.99
81.73	49.99
81.75	49.99
81.78	49.99
81.80	49.99
81.83	49.99
81.85	49.99
81.88	49.99
81.90	49.99
81.92	49.99
81.95	49.99
81.97	49.99
82.00	49.99
82.02	49.99
82.05	49.99
82.07	49.99
82.10	49.99
82.12	49.99
82.14	49.99
82.17	49.99
82.19	49.99
82.22	49.99
82.24	49.99
82.27	49.99
82.29	49.99
82.31	49.99
82.34	49.99
82.36	49.99
82.39	49.99
82.41	49.99
82.44	49.99
82.46	49.99
82.49	49.99
82.51	49.99
82.53	49.99
82.56	49.99
82.58	49.99
82.61	49.99
82.63	49.99
82.66	49.99
82.68	49.99
82.71	49.99
82.73	49.99
82.75	49.99
82.78	49.99
82.80	49.99
82.83	49.99
82.85	49.99
82.88	49.99
82.90	49.99
82.93	49.99
82.95	49.99
82.97	49.99
83.00	49.99
83.02	49.99
83.05	49.99
83.07	49.99
83.10	49.99
83.12	49.99
83.15	49.99
83.17	49.99
83.19	49.99
83.22	49.99
83.24	49.99
83.27	49.99
83.29	49.99
83.32	49.99
83.34	49.99
83.36	49.99
83.39	49.99
83.41	49.99
83.44	49.99
83.46	49.99
83.49	49.99
83.51	49.99
83.54	49.99
83.56	49.99
83.58	49.99
83.61	49.99
83.63	49.99
83.66	49.99
83.68	49.99
83.71	49.99
83.73	49.99
83.76	49.99
83.78	49.99
83.80	49.99
83.83	49.99
83.85	49.99
83.88	49.99
83.90	49.99
83.93	49.99
83.95	49.99
83.98	49.99
84.00	49.99
84.02	49.99
84.05	49.99
84.07	49.99
84.10	49.99
84.12	49.99
84.15	49.99
84.17	49.99
84.20	49.99
84.22	49.99
84.24	49.99
84.27	49.99
84.29	49.99
84.32	49.99
84.34	49.99
84.37	49.99
84.39	49.99
84.41	49.99
84.44	49.99
84.46	49.99
84.49	49.99
84.51	49.99
84.54	49.99
84.56	49.99
84.59	49.99
84.61	49.99
84.63	49.99
84.66	49.99
84.68	49.99
84.71	49.99
84.73	49.99
84.76	49.99
84.78	49.99
84.81	49.99
84.83	49.99
84.85	49.99
84.88	49.99
84.90	49.99
84.93	49.99
84.95	49.99
84.98	49.99
85.00	49.99
85.03	49.99
85.05	49.99
85.07	49.99
85.10	49.99
85.12	49.99
85.15	49.99
85.17	49.99
85.20	49.99
85.22	49.99
85.25	49.99
85.27	49.99
85.29	49.99
85.32	49.99
85.34	49.99
85.37	49.99
85.39	49.99
85.42	49.99
85.44	49.99
85.47	49.99
85.49	49.99
85.51	49.99
85.54	49.99
85.56	49.99
85.59	49.99
85.61	49.99
85.64	49.99
85.66	49.99
85.68	49.99
85.71	49.99
85.73	49.99
85.76	49.99
85.78	49.99
85.81	49.99
85.83	49.99
85.86	49.99
85.88	49.99
85.90	49.99
85.93	49.99
85.95	49.99
85.98	49.99
86.00	49.99
86.03	49.99
86.05	49.99
86.08	49.99
86.10	49.99
86.12	49.99
86.15	49.99
86.17	49.99
86.20	49.99
86.22	49.99
86.25	49.99
86.27	49.99
86.30	49.99
86.32	49.99
86.34	49.99
86.37	49.99
86.39	49.99
86.42	49.99
86.44	49.99
86.47	49.99
86.49	49.99
86.52	49.99
86.54	49.99
86.56	49.99
86.59	49.99
86.61	49.99
86.64	49.99
86.66	49.99
86.69	49.99
86.71	49.99
86.73	49.99
86.76	49.99
86.78	49.99
86.81	49.99
86.83	49.99
86.86	49.99
86.88	49.99
86.91	49.99
86.93	49.99
86.95	49.99
86.98	49.99
87.00	49.99
87.03	49.99
87.05	49.99
87.08	49.99
87.10	49.99
87.13	49.99
87.15	49.99
87.17	49.99
87.20	49.99
87.22	49.99
87.25	49.99
87.27	49.99
87.30	49.99
87.32	49.99
87.35	49.99
87.37	49.99
87.39	49.99
87.42	49.99
87.44	49.99
87.47	49.99
87.49	49.99
87.52	49.99
87.54	49.99
87.57	49.99
87.59	49.99
87.61	49.99
87.64	49.99
87.66	49.99
87.69	49.99
87.71	49.99
87.74	49.99
87.76	49.99
87.78	49.99
87.81	49.99
87.83	49.99
87.86	49.99
87.88	49.99
87.91	49.99
87.93	49.99
87.96	49.99
87.98	49.99
88.00	49.99
88.03	49.99
88.05	49.99
88.08	49.99
88.10	49.99
88.13	49.99
88.15	49.99
88.18	49.99
88.20	49.99
88.22	49.99
88.25	49.99
88.27	49.99
88.30	49.99
88.32	49.99
88.35	49.99
88.37	49.99
88.40	49.99
88.42	49.99
88.44	49.99
88.47	49.99
88.49	49.99
88.52	49.99
88.54	49.99
88.57	49.99
88.59	49.99
88.62	49.99
88.64	49.99
88.66	49.99
88.69	49.99
88.71	49.99
88.74	49.99
88.76	49.99
88.79	49.99
88.81	49.99
88.83	49.99
88.86	49.99
88.88	49.99
88.91	49.99
88.93	49.99
88.96	49.99
88.98	49.99
89.01	49.99
89.03	49.99
89.05	49.99
89.08	49.99
89.10	49.99
89.13	49.99
89.15	49.99
89.18	49.99
89.20	49.99
89.23	49.99
89.25	49.99
89.27	49.99
89.30	49.99
89.32	49.99
89.35	49.99
89.37	49.99
89.40	49.99
89.42	49.99
89.45	49.99
89.47	49.99
89.49	49.99
89.52	49.99
89.54	49.99
89.57	49.99
89.59	49.99
89.62	49.99
89.64	49.99
89.67	49.99
89.69	49.99
89.71	49.99
89.74	49.99
89.76	49.99
89.79	49.99
89.81	49.99
89.84	49.99
89.86	49.99
89.89	49.99
89.91	49.99
89.93	49.99
89.96	49.99
89.98	49.99
90.01	49.99
90.03	49.99
90.06	49.99
90.08	49.99
90.10	49.99
90.13	49.99
90.15	49.99
90.18	49.99
90.20	49.99
90.23	49.99
90.25	49.99
90.28	49.99
90.30	49.99
90.32	49.99
90.35	49.99
90.37	49.99
90.40	49.99
90.42	49.99
90.45	49.99
90.47	49.99
90.50	49.99
90.52	49.99
90.54	49.99
90.57	49.99
90.59	49.99
90.62	49.99
90.64	49.99
90.67	49.99
90.69	49.99
90.72	49.99
90.74	49.99
90.76	49.99
90.79	49.99
90.81	49.99
90.84	49.99
90.86	49.99
90.89	49.99
90.91	49.99
90.94	49.99
90.96	49.99
90.98	49.99
91.01	49.99
91.03	49.99
91.06	49.99
91.08	49.99
91.11	49.99
91.13	49.99
91.15	49.99
91.18	49.99
91.20	49.99
91.23	49.99
91.25	49.99
91.28	49.99
91.30	49.99
91.33	49.99
91.35	49.99
91.37	49.99
91.40	49.99
91.42	49.99
91.45	49.99
91.47	49.99
91.50	49.99
91.52	49.99
91.55	49.99
91.57	49.99
91.59	49.99
91.62	49.99
91.64	49.99
91.67	49.99
91.69	49.99
91.72	49.99
91.74	49.99
91.77	49.99
91.79	49.99
91.81	49.99
91.84	49.99
91.86	49.99
91.89	49.99
91.91	49.99
91.94	49.99
91.96	49.99
91.99	49.99
92.01	49.99
92.03	49.99
92.06	49.99
92.08	49.99
92.11	49.99
92.13	49.99
92.16	49.99
92.18	49.99
92.20	49.99
92.23	49.99
92.25	49.99
92.28	49.99
92.30	49.99
92.33	49.99
92.35	49.99
92.38	49.99
92.40	49.99
92.42	49.99
92.45	49.99
92.47	49.99
92.50	49.99
92.52	49.99
92.55	49.99
92.57	49.99
92.60	49.99
92.62	49.99
92.64	49.99
92.67	49.99
92.69	49.99
92.72	49.99
92.74	49.99
92.77	49.99
92.79	49.99
92.82	49.99
92.84	49.99
92.86	49.99
92.89	49.99
92.91	49.99
92.94	49.99
92.96	49.99
92.99	49.99
93.01	49.99
93.04	49.99
93.06	49.99
93.08	49.99
93.11	49.99
93.13	49.99
93.16	49.99
93.18	49.99
93.21	49.99
93.23	49.99
93.25	49.99
93.28	49.99
93.30	49.99
93.33	49.99
93.35	49.99
93.38	49.99
93.40	49.99
93.43	49.99
93.45	49.99
93.47	49.99
93.50	49.99
93.52	49.99
93.55	49.99
93.57	49.99
93.60	49.99
93.62	49.99
93.65	49.99
93.67	49.99
93.69	49.99
93.72	49.99
93.74	49.99
93.77	49.99
93.79	49.99
93.82	49.99
93.84	49.99
93.87	49.99
93.89	49.99
93.91	49.99
93.94	49.99
93.96	49.99
93.99	49.99
94.01	49.99
94.04	49.99
94.06	49.99
94.09	49.99
94.11	49.99
94.13	49.99
94.16	49.99
94.18	49.99
94.21	49.99
94.23	49.99
94.26	49.99
94.28	49.99
94.31	49.99
94.33	49.99
94.35	49.99
94.38	49.99
94.40	49.99
94.43	49.99
94.45	49.99
94.48	49.99
94.50	49.99
94.52	49.99
94.55	49.99
94.57	49.99
94.60	49.99
94.62	49.99
94.65	49.99
94.67	49.99
94.70	49.99
94.72	49.99
94.74	49.99
94.77	49.99
94.79	49.99
94.82	49.99
94.84	49.99
94.87	49.99
94.89	49.99
94.92	49.99
94.94	49.99
94.96	49.99
94.99	49.99
95.01	49.99
95.04	49.99
95.06	49.99
95.09	49.99
95.11	49.99
95.14	49.99
95.16	49.99
95.18	49.99
95.21	49.99
95.23	49.99
95.26	49.99
95.28	49.99
95.31	49.99
95.33	49.99
95.36	49.99
95.38	49.99
95.40	49.99
95.43	49.99
95.45	49.99
95.48	49.99
95.50	49.99
95.53	49.99
95.55	49.99
95.57	49.99
95.60	49.99
95.62	49.99
95.65	49.99
95.67	49.99
95.70	49.99
95.72	49.99
95.75	49.99
95.77	49.99
95.79	49.99
95.82	49.99
95.84	49.99
95.87	49.99
95.89	49.99
95.92	49.99
95.94	49.99
95.97	49.99
95.99	49.99
96.01	49.99
96.04	49.99
96.06	49.99
96.09	49.99
96.11	49.99
96.14	49.99
96.16	49.99
96.19	49.99
96.21	49.99
96.23	49.99
96.26	49.99
96.28	49.99
96.31	49.99
96.33	49.99
96.36	49.99
96.38	49.99
96.41	49.99
96.43	49.99
96.45	49.99
96.48	49.99
96.50	49.99
96.53	49.99
96.55	49.99
96.58	49.99
96.60	49.99
96.62	49.99
96.65	49.99
96.67	49.99
96.70	49.99
96.72	49.99
96.75	49.99
96.77	49.99
96.80	49.99
96.82	49.99
96.84	49.99
96.87	49.99
96.89	49.99
96.92	49.99
96.94	49.99
96.97	49.99
96.99	49.99
97.02	49.99
97.04	49.99
97.06	49.99
97.09	49.99
97.11	49.99
97.14	49.99
97.16	49.99
97.19	49.99
97.21	49.99
97.24	49.99
97.26	49.99
97.28	49.99
97.31	49.99
97.33	49.99
97.36	49.99
97.38	49.99
97.41	49.99
97.43	49.99
97.46	49.99
97.48	49.99
97.50	49.99
97.53	49.99
97.55	49.99
97.58	49.99
97.60	49.99
97.63	49.99
97.65	49.99
97.68	49.99
97.70	49.99
97.72	49.99
97.75	49.99
97.77	49.99
97.80	49.99
97.82	49.99
97.85	49.99
97.87	49.99
