#U1/V	IA/nA
0.02	0.08
0.04	0.08
0.07	0.09
0.09	0.09
0.12	0.08
0.14	0.08
0.17	0.09
0.19	0.09
0.21	0.09
0.24	0.10
0.26	0.10
0.29	0.10
0.31	0.11
0.34	0.11
0.36	0.11
0.39	0.11
0.41	0.10
0.43	0.10
0.46	0.10
0.48	0.11
0.51	0.11
0.53	0.11
0.56	0.12
0.58	0.10
0.61	0.10
0.63	0.11
0.65	0.10
0.68	0.10
0.70	0.10
0.73	0.10
0.75	0.10
0.78	0.10
0.80	0.11
0.83	0.10
0.85	0.10
0.87	0.11
0.90	0.09
0.92	0.09
0.95	0.10
0.97	0.09
1.00	0.09
1.02	0.09
1.05	0.10
1.07	0.10
1.09	0.10
1.12	0.11
1.14	0.10
1.17	0.10
1.19	0.10
1.22	0.09
1.24	0.09
1.26	0.09
1.29	0.09
1.31	0.09
1.34	0.09
1.36	0.10
1.39	0.09
1.41	0.09
1.44	0.10
1.46	0.09
1.48	0.09
1.51	0.09
1.53	0.09
1.56	0.09
1.58	0.09
1.61	0.10
1.63	0.10
1.66	0.10
1.68	0.11
1.70	0.10
1.73	0.09
1.75	0.10
1.78	0.09
1.80	0.09
1.83	0.09
1.85	0.10
1.88	0.10
1.90	0.10
1.92	0.11
1.95	0.10
1.97	0.10
2.00	0.11
2.02	0.10
2.05	0.10
2.07	0.10
2.10	0.10
2.12	0.10
2.14	0.10
2.17	0.11
2.19	0.10
2.22	0.10
2.24	0.12
2.27	0.11
2.29	0.11
2.31	0.11
2.34	0.10
2.36	0.10
2.39	0.10
2.41	0.11
2.44	0.10
2.46	0.10
2.49	0.12
2.51	0.10
2.53	0.10
2.56	0.11
2.58	0.10
2.61	0.10
2.63	0.10
2.66	0.10
2.68	0.10
2.71	0.10
2.73	0.11
2.75	0.11
2.78	0.11
2.80	0.12
2.83	0.11
2.85	0.11
2.88	0.11
2.90	0.10
2.93	0.10
2.95	0.10
2.97	0.11
3.00	0.10
3.02	0.10
3.05	0.12
3.07	0.11
3.10	0.11
3.12	0.12
3.15	0.10
3.17	0.10
3.19	0.11
3.22	0.10
3.24	0.10
3.27	0.10
3.29	0.11
3.32	0.10
3.34	0.10
3.36	0.12
3.39	0.10
3.41	0.10
3.44	0.11
3.46	0.10
3.49	0.10
3.51	0.10
3.54	0.11
3.56	0.10
3.58	0.10
3.61	0.11
3.63	0.10
3.66	0.10
3.68	0.11
3.71	0.10
3.73	0.10
3.76	0.10
3.78	0.10
3.80	0.10
3.83	0.10
3.85	0.12
3.88	0.11
3.90	0.11
3.93	0.12
3.95	0.11
3.98	0.11
4.00	0.11
4.02	0.10
4.05	0.10
4.07	0.10
4.10	0.11
4.12	0.10
4.15	0.10
4.17	0.12
4.20	0.11
4.22	0.11
4.24	0.12
4.27	0.10
4.29	0.10
4.32	0.10
4.34	0.10
4.37	0.10
4.39	0.10
4.42	0.11
4.44	0.10
4.46	0.10
4.49	0.12
4.51	0.10
4.54	0.10
4.56	0.11
4.59	0.10
4.61	0.10
4.63	0.10
4.66	0.10
4.68	0.10
4.71	0.10
4.73	0.12
4.76	0.11
4.78	0.11
4.81	0.11
4.83	0.10
4.85	0.10
4.88	0.10
4.90	0.10
4.93	0.10
4.95	0.10
4.98	0.11
5.00	0.11
5.03	0.11
5.05	0.12
5.07	0.10
5.10	0.10
5.12	0.11
5.15	0.10
5.17	0.10
5.20	0.10
5.22	0.11
5.25	0.10
5.27	0.10
5.29	0.11
5.32	0.11
5.34	0.11
5.37	0.11
5.39	0.10
5.42	0.10
5.44	0.10
5.47	0.10
5.49	0.10
5.51	0.10
5.54	0.12
5.56	0.11
5.59	0.11
5.61	0.12
5.64	0.10
5.66	0.10
5.68	0.10
5.71	0.10
5.73	0.10
5.76	0.10
5.78	0.11
5.81	0.10
5.83	0.10
5.86	0.12
5.88	0.10
5.90	0.10
5.93	0.11
5.95	0.10
5.98	0.10
6.00	0.10
6.03	0.10
6.05	0.10
6.08	0.10
6.10	0.11
6.12	0.10
6.15	0.10
6.17	0.11
6.20	0.10
6.22	0.10
6.25	0.10
6.27	0.10
6.30	0.10
6.32	0.10
6.34	0.11
6.37	0.10
6.39	0.10
6.42	0.11
6.44	0.10
6.47	0.10
6.49	0.11
6.52	0.10
6.54	0.10
6.56	0.10
6.59	0.10
6.61	0.10
6.64	0.10
6.66	0.11
6.69	0.10
6.71	0.10
6.73	0.12
6.76	0.10
6.78	0.10
6.81	0.11
6.83	0.10
6.86	0.10
6.88	0.10
6.91	0.11
6.93	0.11
6.95	0.11
6.98	0.12
7.00	0.11
7.03	0.11
7.05	0.12
7.08	0.10
7.10	0.10
7.13	0.10
7.15	0.10
7.17	0.10
7.20	0.10
7.22	0.12
7.25	0.11
7.27	0.11
7.30	0.12
7.32	0.10
7.35	0.10
7.37	0.10
7.39	0.10
7.42	0.10
7.44	0.10
7.47	0.10
7.49	0.10
7.52	0.10
7.54	0.11
7.57	0.10
7.59	0.10
7.61	0.10
7.64	0.09
7.66	0.09
7.69	0.09
7.71	0.09
7.74	0.09
7.76	0.09
7.78	0.11
7.81	0.10
7.83	0.10
7.86	0.11
7.88	0.10
7.91	0.10
7.93	0.10
7.96	0.10
7.98	0.10
8.00	0.10
8.03	0.11
8.05	0.11
8.08	0.11
8.10	0.12
8.13	0.11
8.15	0.11
8.18	0.12
8.20	0.10
8.22	0.10
8.25	0.10
8.27	0.11
8.30	0.10
8.32	0.10
8.35	0.12
8.37	0.11
8.40	0.11
8.42	0.12
8.44	0.11
8.47	0.11
8.49	0.11
8.52	0.10
8.54	0.10
8.57	0.10
8.59	0.12
8.62	0.10
8.64	0.10
8.66	0.12
8.69	0.11
8.71	0.11
8.74	0.12
8.76	0.11
8.79	0.11
8.81	0.11
8.84	0.11
8.86	0.11
8.88	0.11
8.91	0.12
8.93	0.11
8.96	0.11
8.98	0.12
9.01	0.11
9.03	0.11
9.05	0.11
9.08	0.11
9.10	0.11
9.13	0.11
9.15	0.12
9.18	0.11
9.20	0.11
9.23	0.13
9.25	0.11
9.27	0.11
9.30	0.12
9.32	0.10
9.35	0.10
9.37	0.11
9.40	0.11
9.42	0.10
9.45	0.10
9.47	0.12
9.49	0.12
9.52	0.12
9.54	0.12
9.57	0.11
9.59	0.11
9.62	0.11
9.64	0.11
9.67	0.11
9.69	0.11
9.71	0.12
9.74	0.11
9.76	0.11
9.79	0.12
9.81	0.11
9.84	0.11
9.86	0.12
9.89	0.11
9.91	0.11
9.93	0.11
9.96	0.12
9.98	0.11
10.01	0.11
10.03	0.12
10.06	0.11
10.08	0.11
10.10	0.12
10.13	0.11
10.15	0.11
10.18	0.11
10.20	0.11
10.23	0.11
10.25	0.11
10.28	0.12
10.30	0.12
10.32	0.11
10.35	0.13
10.37	0.11
10.40	0.11
10.42	0.12
10.45	0.11
10.47	0.11
10.50	0.11
10.52	0.11
10.54	0.10
10.57	0.10
10.59	0.12
10.62	0.11
10.64	0.11
10.67	0.13
10.69	0.11
10.72	0.11
10.74	0.11
10.76	0.11
10.79	0.11
10.81	0.11
10.84	0.12
10.86	0.11
10.89	0.11
10.91	0.12
10.94	0.11
10.96	0.11
10.98	0.11
11.01	0.10
11.03	0.10
11.06	0.10
11.08	0.11
11.11	0.11
11.13	0.11
11.15	0.12
11.18	0.11
11.20	0.11
11.23	0.12
11.25	0.10
11.28	0.10
11.30	0.11
11.33	0.11
11.35	0.11
11.37	0.11
11.40	0.12
11.42	0.12
11.45	0.12
11.47	0.13
11.50	0.11
11.52	0.11
11.55	0.12
11.57	0.11
11.59	0.11
11.62	0.11
11.64	0.12
11.67	0.11
11.69	0.11
11.72	0.13
11.74	0.12
11.77	0.12
11.79	0.13
11.81	0.12
11.84	0.12
11.86	0.12
11.89	0.12
11.91	0.12
11.94	0.12
11.96	0.13
11.99	0.12
12.01	0.12
12.03	0.13
12.06	0.12
12.08	0.12
12.11	0.12
12.13	0.12
12.16	0.12
12.18	0.12
12.21	0.13
12.23	0.12
12.25	0.12
12.28	0.14
12.30	0.13
12.33	0.13
12.35	0.14
12.38	0.12
12.40	0.12
12.42	0.12
12.45	0.12
12.47	0.12
12.50	0.12
12.52	0.13
12.55	0.12
12.57	0.12
12.60	0.14
12.62	0.12
12.64	0.12
12.67	0.13
12.69	0.12
12.72	0.12
12.74	0.12
12.77	0.12
12.79	0.12
12.82	0.12
12.84	0.13
12.86	0.12
12.89	0.12
12.91	0.13
12.94	0.11
12.96	0.11
12.99	0.12
13.01	0.12
13.04	0.12
13.06	0.12
13.08	0.13
13.11	0.12
13.13	0.12
13.16	0.14
13.18	0.12
13.21	0.12
13.23	0.13
13.26	0.12
13.28	0.12
13.30	0.12
13.33	0.12
13.35	0.12
13.38	0.12
13.40	0.13
13.43	0.12
13.45	0.12
13.47	0.13
13.50	0.12
13.52	0.12
13.55	0.12
13.57	0.12
13.60	0.12
13.62	0.12
13.65	0.14
13.67	0.13
13.69	0.13
13.72	0.14
13.74	0.12
13.77	0.12
13.79	0.13
13.82	0.12
13.84	0.12
13.87	0.12
13.89	0.13
13.91	0.12
13.94	0.12
13.96	0.14
13.99	0.13
14.01	0.13
14.04	0.14
14.06	0.13
14.09	0.13
14.11	0.13
14.13	0.13
14.16	0.13
14.18	0.13
14.21	0.14
14.23	0.13
14.26	0.13
14.28	0.14
14.31	0.13
14.33	0.13
14.35	0.13
14.38	0.12
14.40	0.12
14.43	0.12
14.45	0.14
14.48	0.13
14.50	0.13
14.52	0.14
14.55	0.13
14.57	0.13
14.60	0.14
14.62	0.13
14.65	0.13
14.67	0.13
14.70	0.13
14.72	0.13
14.74	0.13
14.77	0.14
14.79	0.13
14.82	0.13
14.84	0.14
14.87	0.13
14.89	0.13
14.92	0.13
14.94	0.13
14.96	0.13
14.99	0.13
15.01	0.13
15.04	0.13
15.06	0.13
15.09	0.15
15.11	0.13
15.14	0.13
15.16	0.14
15.18	0.12
15.21	0.12
15.23	0.13
15.26	0.13
15.28	0.12
15.31	0.12
15.33	0.14
15.36	0.13
15.38	0.13
15.40	0.14
15.43	0.12
15.45	0.12
15.48	0.13
15.50	0.13
15.53	0.13
15.55	0.13
15.57	0.13
15.60	0.12
15.62	0.12
15.65	0.14
15.67	0.12
15.70	0.12
15.72	0.13
15.75	0.12
15.77	0.12
15.79	0.12
15.82	0.12
15.84	0.12
15.87	0.12
15.89	0.13
15.92	0.12
15.94	0.12
15.97	0.13
15.99	0.12
16.01	0.12
16.04	0.13
16.06	0.12
16.09	0.12
16.11	0.12
16.14	0.13
16.16	0.12
16.19	0.12
16.21	0.14
16.23	0.12
16.26	0.12
16.28	0.13
16.31	0.12
16.33	0.12
16.36	0.12
16.38	0.12
16.41	0.12
16.43	0.12
16.45	0.14
16.48	0.12
16.50	0.12
16.53	0.14
16.55	0.12
16.58	0.12
16.60	0.12
16.63	0.12
16.65	0.12
16.67	0.12
16.70	0.13
16.72	0.12
16.75	0.12
16.77	0.14
16.80	0.13
16.82	0.13
16.84	0.13
16.87	0.12
16.89	0.12
16.92	0.12
16.94	0.12
16.97	0.12
16.99	0.12
17.02	0.13
17.04	0.12
17.06	0.12
17.09	0.13
17.11	0.11
17.14	0.11
17.16	0.12
17.19	0.11
17.21	0.11
17.24	0.11
17.26	0.12
17.28	0.11
17.31	0.11
17.33	0.13
17.36	0.11
17.38	0.11
17.41	0.12
17.43	0.11
17.46	0.11
17.48	0.11
17.50	0.11
17.53	0.11
17.55	0.11
17.58	0.12
17.60	0.11
17.63	0.11
17.65	0.12
17.68	0.11
17.70	0.11
17.72	0.11
17.75	0.10
17.77	0.10
17.80	0.10
17.82	0.12
17.85	0.11
17.87	0.11
17.89	0.12
17.92	0.11
17.94	0.11
17.97	0.11
17.99	0.10
18.02	0.10
18.04	0.10
18.07	0.10
18.09	0.10
18.11	0.10
18.14	0.12
18.16	0.11
18.19	0.11
18.21	0.11
18.24	0.10
18.26	0.10
18.29	0.10
18.31	0.10
18.33	0.10
18.36	0.10
18.38	0.11
18.41	0.11
18.43	0.11
18.46	0.12
18.48	0.11
18.51	0.11
18.53	0.11
18.55	0.10
18.58	0.10
18.60	0.10
18.63	0.11
18.65	0.11
18.68	0.11
18.70	0.12
18.73	0.11
18.75	0.11
18.77	0.12
18.80	0.11
18.82	0.11
18.85	0.11
18.87	0.11
18.90	0.11
18.92	0.11
18.94	0.12
18.97	0.11
18.99	0.11
19.02	0.13
19.04	0.11
19.07	0.11
19.09	0.12
19.12	0.11
19.14	0.11
19.16	0.11
19.19	0.11
19.21	0.11
19.24	0.11
19.26	0.13
19.29	0.11
19.31	0.11
19.34	0.12
19.36	0.11
19.38	0.11
19.41	0.11
19.43	0.11
19.46	0.11
19.48	0.11
19.51	0.12
19.53	0.11
19.56	0.11
19.58	0.12
19.60	0.11
19.63	0.11
19.65	0.11
19.68	0.10
19.70	0.10
19.73	0.10
19.75	0.11
19.78	0.10
19.80	0.10
19.82	0.12
19.85	0.11
19.87	0.11
19.90	0.12
19.92	0.10
19.95	0.10
19.97	0.10
19.99	0.10
20.02	0.10
20.04	0.10
20.07	0.11
20.09	0.10
20.12	0.10
20.14	0.11
20.17	0.10
20.19	0.10
20.21	0.11
20.24	0.10
20.26	0.10
20.29	0.10
20.31	0.10
20.34	0.10
20.36	0.10
20.39	0.12
20.41	0.10
20.43	0.10
20.46	0.11
20.48	0.10
20.51	0.10
20.53	0.10
20.56	0.11
20.58	0.11
20.61	0.11
20.63	0.12
20.65	0.11
20.68	0.11
20.70	0.13
20.73	0.11
20.75	0.11
20.78	0.12
20.80	0.11
20.83	0.11
20.85	0.11
20.87	0.12
20.90	0.11
20.92	0.11
20.95	0.13
20.97	0.12
21.00	0.12
21.02	0.13
21.05	0.11
21.07	0.11
21.09	0.11
21.12	0.11
21.14	0.11
21.17	0.11
21.19	0.12
21.22	0.11
21.24	0.11
21.26	0.13
21.29	0.11
21.31	0.11
21.34	0.12
21.36	0.11
21.39	0.11
21.41	0.11
21.44	0.11
21.46	0.11
21.48	0.11
21.51	0.12
21.53	0.11
21.56	0.11
21.58	0.12
21.61	0.11
21.63	0.11
21.66	0.11
21.68	0.10
21.70	0.10
21.73	0.10
21.75	0.12
21.78	0.11
21.80	0.11
21.83	0.12
21.85	0.11
21.88	0.11
21.90	0.11
21.92	0.10
21.95	0.10
21.97	0.10
22.00	0.11
22.02	0.11
22.05	0.11
22.07	0.12
22.10	0.11
22.12	0.11
22.14	0.12
22.17	0.11
22.19	0.11
22.22	0.11
22.24	0.12
22.27	0.11
22.29	0.11
22.31	0.13
22.34	0.12
22.36	0.12
22.39	0.14
22.41	0.12
22.44	0.12
22.46	0.13
22.49	0.12
22.51	0.12
22.53	0.12
22.56	0.14
22.58	0.13
22.61	0.13
22.63	0.15
22.66	0.13
22.68	0.13
22.71	0.15
22.73	0.14
22.75	0.14
22.78	0.14
22.80	0.14
22.83	0.14
22.85	0.14
22.88	0.16
22.90	0.15
22.93	0.15
22.95	0.16
22.97	0.15
23.00	0.15
23.02	0.16
23.05	0.15
23.07	0.15
23.10	0.15
23.12	0.16
23.15	0.15
23.17	0.15
23.19	0.17
23.22	0.16
23.24	0.16
23.27	0.17
23.29	0.16
23.32	0.16
23.34	0.17
23.36	0.16
23.39	0.16
23.41	0.16
23.44	0.17
23.46	0.16
23.49	0.16
23.51	0.18
23.54	0.16
23.56	0.16
23.58	0.17
23.61	0.17
23.63	0.17
23.66	0.17
23.68	0.18
23.71	0.17
23.73	0.17
23.76	0.19
23.78	0.17
23.80	0.17
23.83	0.19
23.85	0.18
23.88	0.18
23.90	0.18
23.93	0.19
23.95	0.18
23.98	0.18
24.00	0.20
24.02	0.18
24.05	0.18
24.07	0.20
24.10	0.18
24.12	0.18
24.15	0.20
24.17	0.19
24.20	0.19
24.22	0.20
24.24	0.21
24.27	0.20
24.29	0.20
24.32	0.22
24.34	0.20
24.37	0.20
24.39	0.22
24.42	0.20
24.44	0.20
24.46	0.21
24.49	0.22
24.51	0.21
24.54	0.21
24.56	0.23
24.59	0.21
24.61	0.21
24.63	0.23
24.66	0.22
24.68	0.22
24.71	0.23
24.73	0.23
24.76	0.23
24.78	0.23
24.81	0.24
24.83	0.23
24.85	0.23
24.88	0.25
24.90	0.23
24.93	0.23
24.95	0.25
24.98	0.24
25.00	0.24
25.03	0.25
25.05	0.26
25.07	0.25
25.10	0.25
25.12	0.27
25.15	0.25
25.17	0.25
25.20	0.27
25.22	0.26
25.25	0.26
25.27	0.28
25.29	0.27
25.32	0.26
25.34	0.27
25.37	0.28
25.39	0.27
25.42	0.27
25.44	0.30
25.47	0.28
25.49	0.28
25.51	0.30
25.54	0.29
25.56	0.29
25.59	0.31
25.61	0.31
25.64	0.29
25.66	0.29
25.68	0.31
25.71	0.29
25.73	0.29
25.76	0.32
25.78	0.30
25.81	0.30
25.83	0.32
25.86	0.32
25.88	0.31
25.90	0.33
25.93	0.34
25.95	0.32
25.98	0.32
26.00	0.34
26.03	0.32
26.05	0.32
26.08	0.35
26.10	0.33
26.12	0.33
26.15	0.35
26.17	0.36
26.20	0.34
26.22	0.35
26.25	0.36
26.27	0.35
26.30	0.35
26.32	0.37
26.34	0.36
26.37	0.36
26.39	0.38
26.42	0.38
26.44	0.36
26.47	0.38
26.49	0.39
26.52	0.37
26.54	0.37
26.56	0.40
26.59	0.38
26.61	0.38
26.64	0.41
26.66	0.40
26.69	0.40
26.71	0.42
26.73	0.43
26.76	0.41
26.78	0.41
26.81	0.42
26.83	0.39
26.86	0.43
26.88	0.44
26.91	0.41
26.93	0.43
26.95	0.46
26.98	0.44
27.00	0.44
27.03	0.48
27.05	0.45
27.08	0.43
27.10	0.47
27.13	0.47
27.15	0.44
27.17	0.47
27.20	0.50
27.22	0.46
27.25	0.48
27.27	0.52
27.30	0.49
27.32	0.47
27.35	0.52
27.37	0.51
27.39	0.49
27.42	0.53
27.44	0.54
27.47	0.51
27.49	0.54
27.52	0.54
27.54	0.52
27.57	0.54
27.59	0.56
27.61	0.54
27.64	0.55
27.66	0.58
27.69	0.56
27.71	0.56
27.74	0.59
27.76	0.59
27.78	0.57
27.81	0.61
27.83	0.62
27.86	0.60
27.88	0.62
27.91	0.64
27.93	0.62
27.96	0.62
27.98	0.66
28.00	0.64
28.03	0.63
28.05	0.67
28.08	0.67
28.10	0.65
28.13	0.68
28.15	0.69
28.18	0.68
28.20	0.69
28.22	0.72
28.25	0.70
28.27	0.70
28.30	0.73
28.32	0.73
28.35	0.71
28.37	0.75
28.40	0.76
28.42	0.74
28.44	0.76
28.47	0.78
28.49	0.76
28.52	0.77
28.54	0.80
28.57	0.79
28.59	0.79
28.62	0.82
28.64	0.82
28.66	0.80
28.69	0.83
28.71	0.85
28.74	0.82
28.76	0.84
28.79	0.87
28.81	0.86
28.84	0.86
28.86	0.89
28.88	0.89
28.91	0.88
28.93	0.91
28.96	0.92
28.98	0.90
29.01	0.93
29.03	0.95
29.05	0.93
29.08	0.94
29.10	0.97
29.13	0.97
29.15	0.96
29.18	1.00
29.20	1.00
29.23	0.98
29.25	1.01
29.27	1.03
29.30	1.01
29.32	1.03
29.35	1.06
29.37	1.04
29.40	1.05
29.42	1.08
29.45	1.08
29.47	1.07
29.49	1.11
29.52	1.12
29.54	1.10
29.57	1.12
29.59	1.15
29.62	1.13
29.64	1.14
29.67	1.18
29.69	1.17
29.71	1.17
29.74	1.21
29.76	1.21
29.79	1.20
29.81	1.23
29.84	1.25
29.86	1.23
29.89	1.25
29.91	1.28
29.93	1.26
29.96	1.26
29.98	1.30
30.01	1.30
30.03	1.29
30.06	1.33
30.08	1.34
30.10	1.33
30.13	1.35
30.15	1.37
30.18	1.36
30.20	1.37
30.23	1.41
30.25	1.40
30.28	1.40
30.30	1.44
30.32	1.44
30.35	1.42
30.37	1.45
30.40	1.47
30.42	1.45
30.45	1.46
30.47	1.50
30.50	1.48
30.52	1.49
30.54	1.52
30.57	1.52
30.59	1.51
30.62	1.55
30.64	1.56
30.67	1.53
30.69	1.56
30.72	1.58
30.74	1.57
30.76	1.58
30.79	1.61
30.81	1.60
30.84	1.60
30.86	1.63
30.89	1.63
30.91	1.61
30.94	1.64
30.96	1.65
30.98	1.63
31.01	1.65
31.03	1.68
31.06	1.66
31.08	1.66
31.11	1.70
31.13	1.69
31.15	1.67
31.18	1.70
31.20	1.72
31.23	1.70
31.25	1.72
31.28	1.74
31.30	1.72
31.33	1.73
31.35	1.75
31.37	1.74
31.40	1.73
31.42	1.76
31.45	1.76
31.47	1.74
31.50	1.77
31.52	1.78
31.55	1.76
31.57	1.77
31.59	1.80
31.62	1.78
31.64	1.77
31.67	1.80
31.69	1.79
31.72	1.78
31.74	1.81
31.77	1.82
31.79	1.79
31.81	1.81
31.84	1.83
31.86	1.80
31.89	1.80
31.91	1.83
31.94	1.82
31.96	1.80
31.99	1.83
32.01	1.83
32.03	1.81
32.06	1.83
32.08	1.84
32.11	1.81
32.13	1.82
32.16	1.84
32.18	1.82
32.20	1.82
32.23	1.85
32.25	1.83
32.28	1.81
32.30	1.84
32.33	1.84
32.35	1.81
32.38	1.82
32.40	1.84
32.42	1.81
32.45	1.81
32.47	1.83
32.50	1.81
32.52	1.80
32.55	1.83
32.57	1.82
32.60	1.78
32.62	1.80
32.64	1.80
32.67	1.77
32.69	1.78
32.72	1.80
32.74	1.77
32.77	1.75
32.79	1.78
32.82	1.76
32.84	1.74
32.86	1.76
32.89	1.75
32.91	1.72
32.94	1.73
32.96	1.74
32.99	1.71
33.01	1.70
33.04	1.72
33.06	1.69
33.08	1.65
33.11	1.66
33.13	1.65
33.16	1.62
33.18	1.63
33.21	1.63
33.23	1.60
33.26	1.60
33.28	1.61
33.30	1.58
33.33	1.56
33.35	1.58
33.38	1.56
33.40	1.53
33.43	1.55
33.45	1.54
33.47	1.51
33.50	1.51
33.52	1.51
33.55	1.48
33.57	1.46
33.60	1.48
33.62	1.45
33.65	1.43
33.67	1.45
33.69	1.44
33.72	1.40
33.74	1.43
33.77	1.43
33.79	1.39
33.82	1.38
33.84	1.40
33.87	1.36
33.89	1.34
33.91	1.36
33.94	1.34
33.96	1.31
33.99	1.33
34.01	1.32
34.04	1.29
34.06	1.29
34.09	1.29
34.11	1.26
34.13	1.24
34.16	1.27
34.18	1.24
34.21	1.21
34.23	1.23
34.26	1.22
34.28	1.18
34.31	1.18
34.33	1.18
34.35	1.14
34.38	1.14
34.40	1.15
34.43	1.12
34.45	1.10
34.48	1.12
34.50	1.10
34.52	1.06
34.55	1.08
34.57	1.07
34.60	1.03
34.62	1.03
34.65	1.04
34.67	1.00
34.70	0.99
34.72	1.00
34.74	0.97
34.77	0.95
34.79	0.97
34.82	0.95
34.84	0.91
34.87	0.92
34.89	0.92
34.92	0.88
34.94	0.88
34.96	0.90
34.99	0.87
35.01	0.85
35.04	0.85
35.06	0.84
35.09	0.80
35.11	0.82
35.14	0.81
35.16	0.77
35.18	0.78
35.21	0.79
35.23	0.75
35.26	0.74
35.28	0.75
35.31	0.73
35.33	0.70
35.36	0.72
35.38	0.71
35.40	0.68
35.43	0.68
35.45	0.68
35.48	0.65
35.50	0.64
35.53	0.65
35.55	0.62
35.57	0.61
35.60	0.62
35.62	0.61
35.65	0.58
35.67	0.59
35.70	0.59
35.72	0.56
35.75	0.56
35.77	0.57
35.79	0.54
35.82	0.53
35.84	0.54
35.87	0.52
35.89	0.51
35.92	0.53
35.94	0.51
35.97	0.48
35.99	0.49
36.01	0.50
36.04	0.46
36.06	0.46
36.09	0.49
36.11	0.46
36.14	0.45
36.16	0.47
36.19	0.45
36.21	0.43
36.23	0.44
36.26	0.44
36.28	0.41
36.31	0.41
36.33	0.42
36.36	0.39
36.38	0.39
36.41	0.41
36.43	0.39
36.45	0.38
36.48	0.40
36.50	0.39
36.53	0.37
36.55	0.37
36.58	0.38
36.60	0.35
36.62	0.35
36.65	0.37
36.67	0.34
36.70	0.34
36.72	0.36
36.75	0.34
36.77	0.33
36.80	0.34
36.82	0.34
36.84	0.32
36.87	0.32
36.89	0.33
36.92	0.31
36.94	0.31
36.97	0.32
36.99	0.30
37.02	0.30
37.04	0.32
37.06	0.31
37.09	0.29
37.11	0.29
37.14	0.30
37.16	0.28
37.19	0.28
37.21	0.30
37.24	0.27
37.26	0.27
37.28	0.28
37.31	0.28
37.33	0.27
37.36	0.27
37.38	0.28
37.41	0.25
37.43	0.25
37.46	0.27
37.48	0.24
37.50	0.24
37.53	0.26
37.55	0.24
37.58	0.24
37.60	0.25
37.63	0.25
37.65	0.24
37.68	0.24
37.70	0.25
37.72	0.22
37.75	0.22
37.77	0.24
37.80	0.22
37.82	0.22
37.85	0.23
37.87	0.22
37.89	0.21
37.92	0.21
37.94	0.22
37.97	0.20
37.99	0.20
38.02	0.23
38.04	0.20
38.07	0.20
38.09	0.22
38.11	0.20
38.14	0.20
38.16	0.21
38.19	0.21
38.21	0.19
38.24	0.19
38.26	0.21
38.29	0.19
38.31	0.19
38.33	0.21
38.36	0.19
38.38	0.19
38.41	0.21
38.43	0.20
38.46	0.20
38.48	0.20
38.51	0.21
38.53	0.20
38.55	0.20
38.58	0.23
38.60	0.21
38.63	0.21
38.65	0.23
38.68	0.22
38.70	0.22
38.73	0.23
38.75	0.24
38.77	0.23
38.80	0.23
38.82	0.26
38.85	0.24
38.87	0.24
38.90	0.27
38.92	0.26
38.94	0.26
38.97	0.29
38.99	0.29
39.02	0.29
39.04	0.30
39.07	0.32
39.09	0.30
39.12	0.30
39.14	0.34
39.16	0.33
39.19	0.32
39.21	0.35
39.24	0.36
39.26	0.36
39.29	0.38
39.31	0.40
39.34	0.38
39.36	0.39
39.38	0.42
39.41	0.40
39.43	0.40
39.46	0.44
39.48	0.44
39.51	0.44
39.53	0.47
39.56	0.48
39.58	0.46
39.60	0.48
39.63	0.50
39.65	0.48
39.68	0.49
39.70	0.53
39.73	0.51
39.75	0.52
39.78	0.56
39.80	0.56
39.82	0.55
39.85	0.58
39.87	0.60
39.90	0.57
39.92	0.59
39.95	0.62
39.97	0.60
39.99	0.61
40.02	0.65
40.04	0.64
40.07	0.64
40.09	0.68
40.12	0.68
40.14	0.66
40.17	0.69
40.19	0.71
40.21	0.70
40.24	0.71
40.26	0.75
40.29	0.74
40.31	0.74
40.34	0.78
40.36	0.78
40.39	0.77
40.41	0.80
40.43	0.81
40.46	0.80
40.48	0.83
40.51	0.85
40.53	0.84
40.56	0.84
40.58	0.88
40.61	0.87
40.63	0.87
40.65	0.91
40.68	0.91
40.70	0.90
40.73	0.93
40.75	0.95
40.78	0.94
40.80	0.96
40.83	0.99
40.85	0.98
40.87	0.98
40.90	1.02
40.92	1.02
40.95	1.01
40.97	1.05
41.00	1.07
41.02	1.05
41.05	1.08
41.07	1.10
41.09	1.09
41.12	1.09
41.14	1.13
41.17	1.13
41.19	1.13
41.22	1.17
41.24	1.18
41.26	1.16
41.29	1.19
41.31	1.21
41.34	1.19
41.36	1.21
41.39	1.25
41.41	1.23
41.44	1.23
41.46	1.27
41.48	1.27
41.51	1.26
41.53	1.30
41.56	1.31
41.58	1.30
41.61	1.32
41.63	1.35
41.66	1.33
41.68	1.34
41.70	1.38
41.73	1.37
41.75	1.37
41.78	1.41
41.80	1.41
41.83	1.40
41.85	1.42
41.88	1.44
41.90	1.42
41.92	1.44
41.95	1.48
41.97	1.47
42.00	1.47
42.02	1.50
42.05	1.50
42.07	1.49
42.10	1.53
42.12	1.54
42.14	1.53
42.17	1.55
42.19	1.58
42.22	1.56
42.24	1.57
42.27	1.60
42.29	1.60
42.31	1.59
42.34	1.62
42.36	1.63
42.39	1.62
42.41	1.64
42.44	1.66
42.46	1.65
42.49	1.66
42.51	1.70
42.53	1.68
42.56	1.68
42.58	1.72
42.61	1.72
42.63	1.71
42.66	1.74
42.68	1.75
42.71	1.74
42.73	1.76
42.75	1.78
42.78	1.77
42.80	1.77
42.83	1.81
42.85	1.80
42.88	1.79
42.90	1.83
42.93	1.84
42.95	1.82
42.97	1.85
43.00	1.87
43.02	1.85
43.05	1.86
43.07	1.89
43.10	1.88
43.12	1.88
43.15	1.91
43.17	1.91
43.19	1.89
43.22	1.93
43.24	1.94
43.27	1.92
43.29	1.94
43.32	1.97
43.34	1.95
43.36	1.95
43.39	1.99
43.41	1.98
43.44	1.97
43.46	2.00
43.49	2.01
43.51	2.00
43.54	2.02
43.56	2.04
43.58	2.01
43.61	2.03
43.63	2.06
43.66	2.05
43.68	2.05
43.71	2.08
43.73	2.08
43.76	2.06
43.78	2.09
43.80	2.10
43.83	2.09
43.85	2.11
43.88	2.13
43.90	2.11
43.93	2.12
43.95	2.15
43.98	2.14
44.00	2.13
44.02	2.16
44.05	2.17
44.07	2.15
44.10	2.17
44.12	2.19
44.15	2.17
44.17	2.18
44.20	2.21
44.22	2.20
44.24	2.20
44.27	2.23
44.29	2.23
44.32	2.21
44.34	2.24
44.37	2.25
44.39	2.23
44.41	2.25
44.44	2.28
44.46	2.26
44.49	2.26
44.51	2.29
44.54	2.29
44.56	2.28
44.59	2.31
44.61	2.31
44.63	2.30
44.66	2.32
44.68	2.33
44.71	2.31
44.73	2.32
44.76	2.36
44.78	2.34
44.81	2.34
44.83	2.37
44.85	2.37
44.88	2.35
44.90	2.38
44.93	2.39
44.95	2.37
44.98	2.39
45.00	2.40
45.03	2.39
45.05	2.39
45.07	2.42
45.10	2.41
45.12	2.40
45.15	2.43
45.17	2.44
45.20	2.42
45.22	2.44
45.25	2.46
45.27	2.44
45.29	2.44
45.32	2.47
45.34	2.46
45.37	2.46
45.39	2.48
45.42	2.48
45.44	2.46
45.47	2.49
45.49	2.50
45.51	2.48
45.54	2.50
45.56	2.52
45.59	2.50
45.61	2.50
45.64	2.54
45.66	2.53
45.68	2.52
45.71	2.54
45.73	2.55
45.76	2.53
45.78	2.55
45.81	2.57
45.83	2.55
45.86	2.55
45.88	2.58
45.90	2.57
45.93	2.56
45.95	2.59
45.98	2.59
46.00	2.57
46.03	2.59
46.05	2.61
46.08	2.59
46.10	2.60
46.12	2.63
46.15	2.61
46.17	2.61
46.20	2.64
46.22	2.62
46.25	2.61
46.27	2.64
46.30	2.65
46.32	2.63
46.34	2.65
46.37	2.67
46.39	2.65
46.42	2.65
46.44	2.68
46.47	2.67
46.49	2.66
46.52	2.69
46.54	2.69
46.56	2.67
46.59	2.70
46.61	2.71
46.64	2.69
46.66	2.70
46.69	2.73
46.71	2.70
46.73	2.70
46.76	2.74
46.78	2.73
46.81	2.71
46.83	2.74
46.86	2.75
46.88	2.73
46.91	2.75
46.93	2.76
46.95	2.74
46.98	2.74
47.00	2.77
47.03	2.76
47.05	2.75
47.08	2.78
47.10	2.78
47.13	2.76
47.15	2.78
47.17	2.79
47.20	2.77
47.22	2.78
47.25	2.81
47.27	2.79
47.30	2.79
47.32	2.82
47.35	2.81
47.37	2.80
47.39	2.83
47.42	2.83
47.44	2.81
47.47	2.83
47.49	2.84
47.52	2.82
47.54	2.82
47.57	2.85
47.59	2.84
47.61	2.83
47.64	2.86
47.66	2.86
47.69	2.84
47.71	2.86
47.74	2.87
47.76	2.85
47.78	2.87
47.81	2.89
47.83	2.89
47.86	2.89
47.88	2.92
47.91	2.91
47.93	2.89
47.96	2.92
47.98	2.93
48.00	2.91
48.03	2.92
48.05	2.94
48.08	2.92
48.10	2.93
48.13	2.95
48.15	2.93
48.18	2.92
48.20	2.95
48.22	2.95
48.25	2.93
48.27	2.95
48.30	2.97
48.32	2.95
48.35	2.95
48.37	2.98
48.40	2.96
48.42	2.96
48.44	2.98
48.47	2.98
48.49	2.94
48.52	2.97
48.54	2.98
48.57	2.95
48.59	2.97
48.62	2.99
48.64	2.96
48.66	2.96
48.69	2.99
48.71	2.97
48.74	2.96
48.76	2.98
48.79	2.98
48.81	2.96
48.84	2.98
48.86	2.99
48.88	2.96
48.91	2.96
48.93	2.99
48.96	2.96
48.98	2.95
49.01	2.98
49.03	2.97
49.05	2.94
49.08	2.97
49.10	2.97
49.13	2.94
49.15	2.95
49.18	2.96
49.20	2.94
49.23	2.93
49.25	2.95
49.27	2.93
49.30	2.91
49.32	2.93
49.35	2.93
49.37	2.89
49.40	2.91
49.42	2.91
49.45	2.88
49.47	2.88
49.49	2.90
49.52	2.88
49.54	2.87
49.57	2.89
49.59	2.87
49.62	2.84
49.64	2.86
49.67	2.86
49.69	2.83
49.71	2.84
49.74	2.85
49.76	2.81
49.79	2.80
49.81	2.82
49.84	2.80
49.86	2.78
49.89	2.79
49.91	2.79
49.93	2.76
49.96	2.77
49.98	2.77
50.01	2.74
50.03	2.74
50.06	2.75
50.08	2.72
50.10	2.70
50.13	2.72
50.15	2.70
50.18	2.68
50.20	2.69
50.23	2.69
50.25	2.65
50.28	2.65
50.30	2.67
50.32	2.63
50.35	2.62
50.37	2.64
50.40	2.62
50.42	2.60
50.45	2.61
50.47	2.60
50.50	2.56
50.52	2.57
50.54	2.57
50.57	2.53
50.59	2.52
50.62	2.54
50.64	2.51
50.67	2.49
50.69	2.51
50.72	2.49
50.74	2.46
50.76	2.47
50.79	2.47
50.81	2.43
50.84	2.43
50.86	2.44
50.89	2.40
50.91	2.39
50.94	2.41
50.96	2.38
50.98	2.36
51.01	2.37
51.03	2.36
51.06	2.32
51.08	2.32
51.11	2.32
51.13	2.29
51.15	2.29
51.18	2.30
51.20	2.27
51.23	2.25
51.25	2.27
51.28	2.25
51.30	2.21
51.33	2.22
51.35	2.22
51.37	2.18
51.40	2.18
51.42	2.19
51.45	2.15
51.47	2.13
51.50	2.15
51.52	2.13
51.55	2.10
51.57	2.11
51.59	2.10
51.62	2.07
51.64	2.08
51.67	2.08
51.69	2.04
51.72	2.03
51.74	2.04
51.77	2.02
51.79	1.99
51.81	2.00
51.84	1.99
51.86	1.95
51.89	1.96
51.91	1.96
51.94	1.93
51.96	1.93
51.99	1.93
52.01	1.90
52.03	1.88
52.06	1.90
52.08	1.87
52.11	1.85
52.13	1.86
52.16	1.85
52.18	1.82
52.20	1.82
52.23	1.82
52.25	1.79
52.28	1.77
52.30	1.78
52.33	1.76
52.35	1.74
52.38	1.75
52.40	1.74
52.42	1.70
52.45	1.71
52.47	1.71
52.50	1.67
52.52	1.66
52.55	1.68
52.57	1.65
52.60	1.63
52.62	1.65
52.64	1.63
52.67	1.60
52.69	1.61
52.72	1.60
52.74	1.57
52.77	1.58
52.79	1.58
52.82	1.54
52.84	1.53
52.86	1.55
52.89	1.52
52.91	1.50
52.94	1.52
52.96	1.50
52.99	1.47
53.01	1.47
53.04	1.47
53.06	1.44
53.08	1.44
53.11	1.45
53.13	1.42
53.16	1.40
53.18	1.42
53.21	1.40
53.23	1.36
53.26	1.38
53.28	1.37
53.30	1.34
53.33	1.34
53.35	1.35
53.38	1.31
53.40	1.30
53.43	1.31
53.45	1.29
53.47	1.27
53.50	1.28
53.52	1.27
53.55	1.23
53.57	1.25
53.60	1.25
53.62	1.21
53.65	1.21
53.67	1.22
53.69	1.19
53.72	1.17
53.74	1.18
53.77	1.16
53.79	1.13
53.82	1.15
53.84	1.14
53.87	1.11
53.89	1.11
53.91	1.11
53.94	1.07
53.96	1.09
53.99	1.10
54.01	1.04
54.04	1.05
54.06	1.07
54.09	1.03
54.11	1.01
54.13	1.04
54.16	1.01
54.18	0.98
54.21	1.01
54.23	1.00
54.26	0.95
54.28	0.96
54.31	0.98
54.33	0.93
54.35	0.93
54.38	0.96
54.40	0.93
54.43	0.89
54.45	0.93
54.48	0.91
54.50	0.87
54.52	0.89
54.55	0.90
54.57	0.86
54.60	0.87
54.62	0.86
54.65	0.83
54.67	0.84
54.70	0.85
54.72	0.81
54.74	0.81
54.77	0.84
54.79	0.81
54.82	0.79
54.84	0.81
54.87	0.80
54.89	0.77
54.92	0.78
54.94	0.78
54.96	0.76
54.99	0.77
55.01	0.78
55.04	0.75
55.06	0.74
55.09	0.77
55.11	0.75
55.14	0.73
55.16	0.75
55.18	0.75
55.21	0.72
55.23	0.74
55.26	0.75
55.28	0.72
55.31	0.73
55.33	0.75
55.36	0.74
55.38	0.73
55.40	0.75
55.43	0.74
55.45	0.72
55.48	0.76
55.50	0.76
55.53	0.74
55.55	0.76
55.57	0.78
55.60	0.76
55.62	0.75
55.65	0.78
55.67	0.77
55.70	0.76
55.72	0.79
55.75	0.80
55.77	0.78
55.79	0.80
55.82	0.82
55.84	0.79
55.87	0.80
55.89	0.83
55.92	0.82
55.94	0.81
55.97	0.84
55.99	0.84
56.01	0.82
56.04	0.85
56.06	0.86
56.09	0.84
56.11	0.86
56.14	0.87
56.16	0.85
56.19	0.86
56.21	0.89
56.23	0.88
56.26	0.87
56.28	0.90
56.31	0.91
56.33	0.88
56.36	0.90
56.38	0.92
56.41	0.90
56.43	0.90
56.45	0.93
56.48	0.92
56.50	0.91
56.53	0.94
56.55	0.93
56.58	0.91
56.60	0.94
56.62	0.95
56.65	0.92
56.67	0.94
56.70	0.97
56.72	0.95
56.75	0.94
56.77	0.97
56.80	0.97
56.82	0.96
56.84	0.98
56.87	0.98
56.89	0.96
56.92	0.98
56.94	1.00
56.97	0.98
56.99	0.99
57.02	1.02
57.04	1.01
57.06	1.00
57.09	1.03
57.11	1.03
57.14	1.02
57.16	1.04
57.19	1.06
57.21	1.04
57.24	1.06
57.26	1.09
57.28	1.07
57.31	1.07
57.33	1.11
57.36	1.10
57.38	1.09
57.41	1.13
57.43	1.14
57.46	1.12
57.48	1.14
57.50	1.17
57.53	1.16
57.55	1.16
57.58	1.19
57.60	1.18
57.63	1.18
57.65	1.22
57.68	1.22
57.70	1.21
57.72	1.24
57.75	1.26
57.77	1.24
57.80	1.26
57.82	1.29
57.85	1.27
57.87	1.28
57.89	1.32
57.92	1.32
57.94	1.31
57.97	1.35
57.99	1.36
58.02	1.34
58.04	1.37
58.07	1.39
58.09	1.37
58.11	1.38
58.14	1.42
58.16	1.41
58.19	1.41
58.21	1.44
58.24	1.45
58.26	1.43
58.29	1.46
58.31	1.48
58.33	1.46
58.36	1.48
58.38	1.51
58.41	1.49
58.43	1.50
58.46	1.54
58.48	1.53
58.51	1.52
58.53	1.56
58.55	1.57
58.58	1.55
58.60	1.58
58.63	1.60
58.65	1.59
58.68	1.59
58.70	1.63
58.73	1.62
58.75	1.62
58.77	1.66
58.80	1.66
58.82	1.64
58.85	1.67
58.87	1.69
58.90	1.68
58.92	1.70
58.94	1.73
58.97	1.71
58.99	1.71
59.02	1.75
59.04	1.75
59.07	1.74
59.09	1.78
59.12	1.79
59.14	1.78
59.16	1.80
59.19	1.83
59.21	1.81
59.24	1.82
59.26	1.86
59.29	1.84
59.31	1.84
59.34	1.89
59.36	1.89
59.38	1.87
59.41	1.90
59.43	1.92
59.46	1.91
59.48	1.93
59.51	1.96
59.53	1.95
59.56	1.95
59.58	1.99
59.60	1.99
59.63	1.98
59.65	2.02
59.68	2.03
59.70	2.01
59.73	2.04
59.75	2.06
59.78	2.05
59.80	2.05
59.82	2.09
59.85	2.09
59.87	2.09
59.90	2.12
59.92	2.13
59.95	2.11
59.97	2.14
59.99	2.16
60.02	2.14
60.04	2.16
60.07	2.19
60.09	2.17
60.12	2.18
60.14	2.21
60.17	2.21
60.19	2.20
60.21	2.24
60.24	2.25
60.26	2.24
60.29	2.26
60.31	2.29
60.34	2.27
60.36	2.28
60.39	2.32
60.41	2.31
60.43	2.31
60.46	2.35
60.48	2.35
60.51	2.33
60.53	2.36
60.56	2.38
60.58	2.37
60.61	2.38
60.63	2.42
60.65	2.41
60.68	2.41
60.70	2.45
60.73	2.45
60.75	2.44
60.78	2.47
60.80	2.49
60.83	2.47
60.85	2.50
60.87	2.52
60.90	2.51
60.92	2.51
60.95	2.55
60.97	2.54
61.00	2.54
61.02	2.57
61.05	2.58
61.07	2.57
61.09	2.60
61.12	2.62
61.14	2.61
61.17	2.62
61.19	2.66
61.22	2.64
61.24	2.64
61.26	2.68
61.29	2.68
61.31	2.67
61.34	2.70
61.36	2.72
61.39	2.70
61.41	2.73
61.44	2.75
61.46	2.73
61.48	2.74
61.51	2.78
61.53	2.77
61.56	2.77
61.58	2.80
61.61	2.81
61.63	2.79
61.66	2.82
61.68	2.84
61.70	2.83
61.73	2.84
61.75	2.87
61.78	2.86
61.80	2.86
61.83	2.90
61.85	2.90
61.88	2.89
61.90	2.92
61.92	2.93
61.95	2.92
61.97	2.94
62.00	2.97
62.02	2.95
62.05	2.95
62.07	2.99
62.10	2.99
62.12	2.98
62.14	3.02
62.17	3.02
62.19	3.00
62.22	3.03
62.24	3.05
62.27	3.03
62.29	3.06
62.31	3.09
62.34	3.07
62.36	3.07
62.39	3.11
62.41	3.11
62.44	3.09
62.46	3.13
62.49	3.14
62.51	3.13
62.53	3.14
62.56	3.17
62.58	3.15
62.61	3.16
62.63	3.20
62.66	3.19
62.68	3.18
62.71	3.22
62.73	3.22
62.75	3.21
62.78	3.23
62.80	3.25
62.83	3.24
62.85	3.25
62.88	3.28
62.90	3.27
62.93	3.27
62.95	3.30
62.97	3.30
63.00	3.29
63.02	3.33
63.05	3.34
63.07	3.32
63.10	3.34
63.12	3.37
63.15	3.35
63.17	3.35
63.19	3.39
63.22	3.38
63.24	3.38
63.27	3.41
63.29	3.42
63.32	3.40
63.34	3.43
63.36	3.45
63.39	3.43
63.41	3.45
63.44	3.48
63.46	3.46
63.49	3.46
63.51	3.50
63.54	3.50
63.56	3.49
63.58	3.52
63.61	3.53
63.63	3.52
63.66	3.53
63.68	3.55
63.71	3.54
63.73	3.55
63.76	3.58
63.78	3.57
63.80	3.57
63.83	3.60
63.85	3.61
63.88	3.59
63.90	3.62
63.93	3.64
63.95	3.62
63.98	3.63
64.00	3.66
64.02	3.65
64.05	3.65
64.07	3.68
64.10	3.68
64.12	3.66
64.15	3.70
64.17	3.71
64.20	3.69
64.22	3.71
64.24	3.74
64.27	3.72
64.29	3.72
64.32	3.76
64.34	3.75
64.37	3.74
64.39	3.77
64.41	3.78
64.44	3.76
64.46	3.78
64.49	3.81
64.51	3.79
64.54	3.80
64.56	3.83
64.59	3.82
64.61	3.82
64.63	3.85
64.66	3.85
64.68	3.83
64.71	3.87
64.73	3.88
64.76	3.87
64.78	3.89
64.81	3.91
64.83	3.90
64.85	3.90
64.88	3.93
64.90	3.91
64.93	3.91
64.95	3.94
64.98	3.95
65.00	3.93
65.03	3.96
65.05	3.98
65.07	3.96
65.10	3.96
65.12	4.00
65.15	3.98
65.17	3.98
65.20	4.01
65.22	4.01
65.25	4.00
65.27	4.03
65.29	4.04
65.32	4.02
65.34	4.03
65.37	4.06
65.39	4.03
65.42	4.03
65.44	4.07
65.47	4.05
65.49	4.05
65.51	4.08
65.54	4.08
65.56	4.06
65.59	4.08
65.61	4.09
65.64	4.07
65.66	4.08
65.68	4.11
65.71	4.09
65.73	4.09
65.76	4.12
65.78	4.11
65.81	4.08
65.83	4.11
65.86	4.12
65.88	4.10
65.90	4.11
65.93	4.13
65.95	4.11
65.98	4.11
66.00	4.14
66.03	4.13
66.05	4.11
66.08	4.14
66.10	4.13
66.12	4.11
66.15	4.13
66.17	4.14
66.20	4.11
66.22	4.12
66.25	4.14
66.27	4.12
66.30	4.11
66.32	4.14
66.34	4.13
66.37	4.10
66.39	4.13
66.42	4.13
66.44	4.11
66.47	4.12
66.49	4.14
66.52	4.11
66.54	4.10
66.56	4.13
66.59	4.12
66.61	4.09
66.64	4.12
66.66	4.12
66.69	4.09
66.71	4.11
66.73	4.12
66.76	4.09
66.78	4.09
66.81	4.11
66.83	4.08
66.86	4.08
66.88	4.10
66.91	4.09
66.93	4.06
66.95	4.08
66.98	4.09
67.00	4.06
67.03	4.07
67.05	4.09
67.08	4.06
67.10	4.05
67.13	4.07
67.15	4.06
67.17	4.04
67.20	4.06
67.22	4.05
67.25	4.03
67.27	4.04
67.30	4.05
67.32	4.02
67.35	4.02
67.37	4.05
67.39	4.02
67.42	4.01
67.44	4.03
67.47	4.02
67.49	4.00
67.52	4.01
67.54	4.01
67.57	3.98
67.59	3.99
67.61	4.00
67.64	3.97
67.66	3.96
67.69	3.99
67.71	3.97
67.74	3.95
67.76	3.97
67.78	3.96
67.81	3.93
67.83	3.94
67.86	3.95
67.88	3.92
67.91	3.92
67.93	3.94
67.96	3.91
67.98	3.89
68.00	3.91
68.03	3.89
68.05	3.86
68.08	3.88
68.10	3.88
68.13	3.85
68.15	3.85
68.18	3.87
68.20	3.84
68.22	3.83
68.25	3.84
68.27	3.82
68.30	3.80
68.32	3.82
68.35	3.79
68.37	3.76
68.40	3.77
68.42	3.77
68.44	3.74
68.47	3.73
68.49	3.75
68.52	3.73
68.54	3.70
68.57	3.73
68.59	3.72
68.62	3.68
68.64	3.70
68.66	3.70
68.69	3.67
68.71	3.67
68.74	3.68
68.76	3.64
68.79	3.63
68.81	3.65
68.83	3.63
68.86	3.61
68.88	3.63
68.91	3.62
68.93	3.59
68.96	3.59
68.98	3.60
69.01	3.58
69.03	3.58
69.05	3.60
69.08	3.57
69.10	3.55
69.13	3.57
69.15	3.55
69.18	3.52
69.20	3.54
69.23	3.53
69.25	3.50
69.27	3.50
69.30	3.51
69.32	3.47
69.35	3.46
69.37	3.48
69.40	3.46
69.42	3.44
69.45	3.46
69.47	3.44
69.49	3.41
69.52	3.42
69.54	3.42
69.57	3.38
69.59	3.38
69.62	3.40
69.64	3.36
69.67	3.34
69.69	3.36
69.71	3.34
69.74	3.31
69.76	3.32
69.79	3.32
69.81	3.29
69.84	3.29
69.86	3.30
69.89	3.26
69.91	3.25
69.93	3.27
69.96	3.24
69.98	3.21
70.01	3.24
70.03	3.23
70.06	3.19
70.08	3.20
70.10	3.20
70.13	3.16
70.15	3.16
70.18	3.17
70.20	3.14
70.23	3.12
70.25	3.14
70.28	3.12
70.30	3.09
70.32	3.11
70.35	3.10
70.37	3.07
70.40	3.07
70.42	3.08
70.45	3.04
70.47	3.03
70.50	3.05
70.52	3.03
70.54	3.00
70.57	3.02
70.59	3.00
70.62	2.97
70.64	2.98
70.67	2.98
70.69	2.94
70.72	2.93
70.74	2.95
70.76	2.92
70.79	2.90
70.81	2.92
70.84	2.90
70.86	2.86
70.89	2.87
70.91	2.87
70.94	2.83
70.96	2.83
70.98	2.84
71.01	2.81
71.03	2.80
71.06	2.81
71.08	2.79
71.11	2.76
71.13	2.78
71.15	2.77
71.18	2.73
71.20	2.73
71.23	2.74
71.25	2.70
71.28	2.69
71.30	2.71
71.33	2.68
71.35	2.66
71.37	2.68
71.40	2.66
71.42	2.62
71.45	2.64
71.47	2.63
71.50	2.60
71.52	2.60
71.55	2.62
71.57	2.58
71.59	2.57
71.62	2.59
71.64	2.57
71.67	2.54
71.69	2.56
71.72	2.55
71.74	2.52
71.77	2.53
71.79	2.54
71.81	2.51
71.84	2.50
71.86	2.53
71.89	2.50
71.91	2.48
71.94	2.50
71.96	2.49
71.99	2.46
72.01	2.48
72.03	2.48
72.06	2.45
72.08	2.46
72.11	2.47
72.13	2.45
72.16	2.44
72.18	2.46
72.20	2.44
72.23	2.40
72.25	2.44
72.28	2.43
72.30	2.40
72.33	2.41
72.35	2.42
72.38	2.39
72.40	2.39
72.42	2.42
72.45	2.39
72.47	2.38
72.50	2.41
72.52	2.40
72.55	2.37
72.57	2.39
72.60	2.40
72.62	2.36
72.64	2.38
72.67	2.39
72.69	2.36
72.72	2.35
72.74	2.38
72.77	2.36
72.79	2.34
72.82	2.37
72.84	2.36
72.86	2.33
72.89	2.36
72.91	2.37
72.94	2.33
72.96	2.34
72.99	2.37
73.01	2.34
73.04	2.32
73.06	2.35
73.08	2.33
73.11	2.30
73.13	2.32
73.16	2.32
73.18	2.29
73.21	2.29
73.23	2.31
73.25	2.28
73.28	2.28
73.30	2.30
73.33	2.28
73.35	2.26
73.38	2.28
73.40	2.28
73.43	2.25
73.45	2.26
73.47	2.28
73.50	2.25
73.52	2.25
73.55	2.28
73.57	2.25
73.60	2.24
73.62	2.26
73.65	2.25
73.67	2.23
73.69	2.25
73.72	2.26
73.74	2.23
73.77	2.25
73.79	2.27
73.82	2.24
73.84	2.23
73.87	2.27
73.89	2.25
73.91	2.23
73.94	2.26
73.96	2.26
73.99	2.24
74.01	2.26
74.04	2.28
74.06	2.25
74.09	2.26
74.11	2.29
74.13	2.27
74.16	2.26
74.18	2.30
74.21	2.29
74.23	2.26
74.26	2.29
74.28	2.30
74.31	2.28
74.33	2.29
74.35	2.31
74.38	2.29
74.40	2.29
74.43	2.32
74.45	2.31
74.48	2.30
74.50	2.34
74.52	2.34
74.55	2.31
74.57	2.34
74.60	2.35
74.62	2.33
74.65	2.33
74.67	2.36
74.70	2.35
74.72	2.34
74.74	2.37
74.77	2.36
74.79	2.34
74.82	2.37
74.84	2.38
74.87	2.35
74.89	2.38
74.92	2.40
74.94	2.37
74.96	2.37
74.99	2.40
75.01	2.40
75.04	2.38
75.06	2.41
75.09	2.42
75.11	2.39
75.14	2.41
75.16	2.43
75.18	2.40
75.21	2.41
75.23	2.44
75.26	2.42
75.28	2.42
75.31	2.45
75.33	2.45
75.36	2.43
75.38	2.46
75.40	2.47
75.43	2.45
75.45	2.47
75.48	2.49
75.50	2.47
75.53	2.48
75.55	2.51
75.57	2.50
75.60	2.49
75.62	2.52
75.65	2.53
75.67	2.50
75.70	2.53
75.72	2.55
75.75	2.53
75.77	2.53
75.79	2.57
75.82	2.55
75.84	2.55
75.87	2.58
75.89	2.58
75.92	2.57
75.94	2.60
75.97	2.61
75.99	2.59
76.01	2.61
76.04	2.64
76.06	2.62
76.09	2.62
76.11	2.66
76.14	2.65
76.16	2.65
76.19	2.68
76.21	2.69
76.23	2.67
76.26	2.69
76.28	2.71
76.31	2.69
76.33	2.70
76.36	2.74
76.38	2.72
76.41	2.72
76.43	2.76
76.45	2.76
76.48	2.74
76.50	2.78
76.53	2.79
76.55	2.77
76.58	2.79
76.60	2.82
76.62	2.80
76.65	2.80
76.67	2.84
76.70	2.83
76.72	2.82
76.75	2.86
76.77	2.86
76.80	2.84
76.82	2.87
76.84	2.89
76.87	2.87
76.89	2.88
76.92	2.92
76.94	2.91
76.97	2.91
76.99	2.94
77.02	2.94
77.04	2.93
77.06	2.96
77.09	2.97
77.11	2.96
77.14	2.98
77.16	3.01
77.19	2.99
77.21	3.00
77.24	3.03
77.26	3.03
77.28	3.02
77.31	3.05
77.33	3.07
77.36	3.05
77.38	3.08
77.41	3.10
77.43	3.08
77.46	3.09
77.48	3.13
77.50	3.11
77.53	3.11
77.55	3.15
77.58	3.15
77.60	3.13
77.63	3.17
77.65	3.19
77.68	3.17
77.70	3.19
77.72	3.22
77.75	3.20
77.77	3.21
77.80	3.25
77.82	3.24
77.85	3.24
77.87	3.28
77.89	3.29
77.92	3.27
77.94	3.30
77.97	3.32
77.99	3.30
78.02	3.32
78.04	3.36
78.07	3.35
78.09	3.35
78.11	3.39
78.14	3.40
78.16	3.38
78.19	3.42
78.21	3.43
78.24	3.41
78.26	3.44
78.29	3.47
78.31	3.45
78.33	3.46
78.36	3.50
78.38	3.50
78.41	3.49
78.43	3.53
78.46	3.54
78.48	3.52
78.51	3.55
78.53	3.58
78.55	3.56
78.58	3.58
78.60	3.62
78.63	3.61
78.65	3.61
78.68	3.65
78.70	3.64
78.73	3.62
78.75	3.67
78.77	3.68
78.80	3.67
78.82	3.69
78.85	3.72
78.87	3.71
78.90	3.71
78.92	3.75
78.94	3.75
78.97	3.75
78.99	3.79
79.02	3.80
79.04	3.78
79.07	3.81
79.09	3.84
79.12	3.82
79.14	3.84
79.16	3.88
79.19	3.87
79.21	3.87
79.24	3.91
79.26	3.91
79.29	3.90
79.31	3.94
79.34	3.96
79.36	3.94
79.38	3.97
79.41	4.00
79.43	3.98
79.46	3.99
79.48	4.03
79.51	4.03
79.53	4.02
79.56	4.07
79.58	4.08
79.60	4.06
79.63	4.09
79.65	4.12
79.68	4.10
79.70	4.11
79.73	4.16
79.75	4.14
79.78	4.15
79.80	4.19
79.82	4.19
79.85	4.18
79.87	4.22
79.90	4.24
79.92	4.22
79.95	4.24
79.97	4.28
79.99	4.26
80.02	4.27
80.04	4.31
80.07	4.31
80.09	4.31
80.12	4.35
80.14	4.36
80.17	4.34
80.19	4.37
80.21	4.40
80.24	4.38
80.26	4.39
80.29	4.44
80.31	4.42
80.34	4.43
80.36	4.47
80.39	4.47
80.41	4.46
80.43	4.49
80.46	4.51
80.48	4.50
80.51	4.53
80.53	4.56
80.56	4.54
80.58	4.56
80.61	4.60
80.63	4.59
80.65	4.58
80.68	4.63
80.70	4.64
80.73	4.62
80.75	4.66
80.78	4.68
80.80	4.67
80.83	4.69
80.85	4.73
80.87	4.71
80.90	4.72
80.92	4.76
80.95	4.77
80.97	4.76
81.00	4.80
81.02	4.80
81.04	4.79
81.07	4.85
81.09	4.85
81.12	4.83
81.14	4.87
81.17	4.90
81.19	4.87
81.22	4.90
81.24	4.95
81.26	4.92
81.29	4.92
81.31	4.99
81.34	4.97
81.36	4.95
81.39	5.01
81.41	5.03
81.44	4.99
81.46	5.03
81.48	5.07
81.51	5.04
81.53	5.06
81.56	5.11
81.58	5.10
81.61	5.08
81.63	5.14
81.66	5.14
81.68	5.13
81.70	5.18
81.73	5.17
81.75	5.17
81.78	5.21
81.80	5.22
81.83	5.21
81.85	5.23
81.88	5.26
81.90	5.24
81.92	5.26
81.95	5.29
81.97	5.29
82.00	5.29
82.02	5.34
82.05	5.34
82.07	5.32
82.10	5.36
82.12	5.38
82.14	5.37
82.17	5.39
82.19	5.42
82.22	5.40
82.24	5.41
82.27	5.45
82.29	5.45
82.31	5.44
82.34	5.48
82.36	5.49
82.39	5.47
82.41	5.50
82.44	5.52
82.46	5.50
82.49	5.52
82.51	5.56
82.53	5.55
82.56	5.54
82.58	5.58
82.61	5.58
82.63	5.57
82.66	5.60
82.68	5.62
82.71	5.60
82.73	5.62
82.75	5.64
82.78	5.63
82.80	5.63
82.83	5.67
82.85	5.66
82.88	5.65
82.90	5.69
82.93	5.70
82.95	5.68
82.97	5.71
83.00	5.73
83.02	5.71
83.05	5.72
83.07	5.75
83.10	5.74
83.12	5.73
83.15	5.77
83.17	5.77
83.19	5.75
83.22	5.79
83.24	5.80
83.27	5.78
83.29	5.80
83.32	5.83
83.34	5.81
83.36	5.81
83.39	5.85
83.41	5.85
83.44	5.84
83.46	5.87
83.49	5.88
83.51	5.86
83.54	5.88
83.56	5.90
83.58	5.88
83.61	5.90
83.63	5.93
83.66	5.92
83.68	5.91
83.71	5.95
83.73	5.95
83.76	5.93
83.78	5.96
83.80	5.98
83.83	5.95
83.85	5.97
83.88	6.00
83.90	5.98
83.93	5.98
83.95	6.02
83.98	6.01
84.00	6.00
84.02	6.03
84.05	6.03
84.07	6.01
84.10	6.04
84.12	6.06
84.15	6.04
84.17	6.04
84.20	6.07
84.22	6.06
84.24	6.05
84.27	6.08
84.29	6.07
84.32	6.06
84.34	6.08
84.37	6.10
84.39	6.07
84.41	6.09
84.44	6.12
84.46	6.09
84.49	6.09
84.51	6.12
84.54	6.11
84.56	6.09
84.59	6.12
84.61	6.13
84.63	6.11
84.66	6.13
84.68	6.14
84.71	6.12
84.73	6.12
84.76	6.15
84.78	6.13
84.81	6.12
84.83	6.15
84.85	6.15
84.88	6.12
84.90	6.15
84.93	6.16
84.95	6.14
84.98	6.15
85.00	6.16
85.03	6.14
85.05	6.14
85.07	6.17
85.10	6.15
85.12	6.14
85.15	6.15
85.17	6.15
85.20	6.12
85.22	6.14
85.25	6.16
85.27	6.13
85.29	6.13
85.32	6.16
85.34	6.14
85.37	6.13
85.39	6.16
85.42	6.16
85.44	6.13
85.47	6.16
85.49	6.16
85.51	6.14
85.54	6.16
85.56	6.18
85.59	6.15
85.61	6.14
85.64	6.17
85.66	6.17
85.68	6.15
85.71	6.17
85.73	6.17
85.76	6.15
85.78	6.16
85.81	6.20
85.83	6.17
85.86	6.17
85.88	6.20
85.90	6.18
85.93	6.17
85.95	6.19
85.98	6.18
86.00	6.16
86.03	6.18
86.05	6.19
86.08	6.16
86.10	6.17
86.12	6.19
86.15	6.16
86.17	6.15
86.20	6.18
86.22	6.16
86.25	6.14
86.27	6.17
86.30	6.16
86.32	6.13
86.34	6.15
86.37	6.16
86.39	6.13
86.42	6.13
86.44	6.15
86.47	6.13
86.49	6.12
86.52	6.14
86.54	6.13
86.56	6.10
86.59	6.12
86.61	6.13
86.64	6.10
86.66	6.10
86.69	6.12
86.71	6.09
86.73	6.08
86.76	6.11
86.78	6.09
86.81	6.07
86.83	6.09
86.86	6.09
86.88	6.06
86.91	6.07
86.93	6.08
86.95	6.05
86.98	6.04
87.00	6.07
87.03	6.05
87.05	6.03
87.08	6.05
87.10	6.04
87.13	6.01
87.15	6.03
87.17	6.03
87.20	6.00
87.22	6.00
87.25	6.02
87.27	6.00
87.30	5.99
87.32	6.01
87.35	5.99
87.37	5.97
87.39	5.99
87.42	5.98
87.44	5.94
87.47	5.96
87.49	5.97
87.52	5.94
87.54	5.93
87.57	5.95
87.59	5.93
87.61	5.92
87.64	5.93
87.66	5.92
87.69	5.89
87.71	5.91
87.74	5.89
87.76	5.86
87.78	5.86
87.81	5.88
87.83	5.85
87.86	5.84
87.88	5.86
87.91	5.84
87.93	5.81
87.96	5.83
87.98	5.83
88.00	5.80
88.03	5.81
88.05	5.82
88.08	5.79
88.10	5.79
88.13	5.81
88.15	5.78
88.18	5.76
88.20	5.79
88.22	5.77
88.25	5.74
88.27	5.76
88.30	5.76
88.32	5.73
88.35	5.73
88.37	5.75
88.40	5.73
88.42	5.73
88.44	5.75
88.47	5.73
88.49	5.71
88.52	5.73
88.54	5.73
88.57	5.70
88.59	5.71
88.62	5.72
88.64	5.69
88.66	5.68
88.69	5.71
88.71	5.68
88.74	5.67
88.76	5.69
88.79	5.68
88.81	5.65
88.83	5.67
88.86	5.67
88.88	5.64
88.91	5.64
88.93	5.67
88.96	5.64
88.98	5.63
89.01	5.65
89.03	5.63
89.05	5.61
89.08	5.64
89.10	5.63
89.13	5.60
89.15	5.61
89.18	5.62
89.20	5.59
89.23	5.59
89.25	5.61
89.27	5.59
89.30	5.57
89.32	5.60
89.35	5.58
89.37	5.54
89.40	5.56
89.42	5.57
89.45	5.54
89.47	5.54
89.49	5.55
89.52	5.53
89.54	5.51
89.57	5.54
89.59	5.52
89.62	5.50
89.64	5.52
89.67	5.51
89.69	5.48
89.71	5.49
89.74	5.50
89.76	5.47
89.79	5.47
89.81	5.48
89.84	5.46
89.86	5.44
89.89	5.46
89.91	5.45
89.93	5.42
89.96	5.44
89.98	5.44
90.01	5.41
90.03	5.42
90.06	5.43
90.08	5.40
90.10	5.39
90.13	5.41
90.15	5.39
90.18	5.37
90.20	5.39
90.23	5.39
90.25	5.36
90.28	5.37
90.30	5.38
90.32	5.35
90.35	5.34
90.37	5.37
90.40	5.35
90.42	5.33
90.45	5.36
90.47	5.35
90.50	5.32
90.52	5.34
90.54	5.35
90.57	5.32
90.59	5.32
90.62	5.34
90.64	5.31
90.67	5.30
90.69	5.33
90.72	5.32
90.74	5.30
90.76	5.32
90.79	5.32
90.81	5.29
90.84	5.31
90.86	5.32
90.89	5.29
90.91	5.29
90.94	5.32
90.96	5.30
90.98	5.28
91.01	5.31
91.03	5.30
91.06	5.27
91.08	5.29
91.11	5.30
91.13	5.27
91.15	5.28
91.18	5.30
91.20	5.27
91.23	5.27
91.25	5.30
91.28	5.28
91.30	5.26
91.33	5.28
91.35	5.28
91.37	5.26
91.40	5.27
91.42	5.29
91.45	5.26
91.47	5.26
91.50	5.28
91.52	5.26
91.55	5.25
91.57	5.27
91.59	5.27
91.62	5.23
91.64	5.26
91.67	5.27
91.69	5.24
91.72	5.25
91.74	5.27
91.77	5.24
91.79	5.22
91.81	5.25
91.84	5.24
91.86	5.22
91.89	5.24
91.91	5.24
91.94	5.22
91.96	5.23
91.99	5.25
92.01	5.22
92.03	5.21
92.06	5.24
92.08	5.22
92.11	5.21
92.13	5.24
92.16	5.24
92.18	5.20
92.20	5.22
92.23	5.24
92.25	5.21
92.28	5.22
92.30	5.24
92.33	5.22
92.35	5.21
92.38	5.24
92.40	5.23
92.42	5.21
92.45	5.25
92.47	5.25
92.50	5.23
92.52	5.24
92.55	5.26
92.57	5.23
92.60	5.23
92.62	5.27
92.64	5.25
92.67	5.25
92.69	5.27
92.72	5.27
92.74	5.24
92.77	5.27
92.79	5.28
92.82	5.26
92.84	5.27
92.86	5.30
92.89	5.28
92.91	5.27
92.94	5.30
92.96	5.30
92.99	5.28
93.01	5.31
93.04	5.31
93.06	5.29
93.08	5.31
93.11	5.33
93.13	5.31
93.16	5.31
93.18	5.34
93.21	5.33
93.23	5.31
93.25	5.34
93.28	5.34
93.30	5.31
93.33	5.34
93.35	5.35
93.38	5.32
93.40	5.33
93.43	5.36
93.45	5.34
93.47	5.33
93.50	5.37
93.52	5.36
93.55	5.33
93.57	5.37
93.60	5.38
93.62	5.36
93.65	5.37
93.67	5.39
93.69	5.37
93.72	5.36
93.74	5.39
93.77	5.39
93.79	5.37
93.82	5.40
93.84	5.41
93.87	5.38
93.89	5.41
93.91	5.43
93.94	5.40
93.96	5.42
93.99	5.45
94.01	5.43
94.04	5.43
94.06	5.46
94.09	5.46
94.11	5.45
94.13	5.48
94.16	5.49
94.18	5.47
94.21	5.49
94.23	5.50
94.26	5.48
94.28	5.49
94.31	5.52
94.33	5.51
94.35	5.51
94.38	5.54
94.40	5.55
94.43	5.53
94.45	5.55
94.48	5.57
94.50	5.55
94.52	5.56
94.55	5.59
94.57	5.58
94.60	5.58
94.62	5.61
94.65	5.61
94.67	5.59
94.70	5.62
94.72	5.64
94.74	5.62
94.77	5.64
94.79	5.67
94.82	5.65
94.84	5.65
94.87	5.69
94.89	5.68
94.92	5.67
94.94	5.71
94.96	5.71
94.99	5.69
95.01	5.72
95.04	5.74
95.06	5.72
95.09	5.73
95.11	5.77
95.14	5.75
95.16	5.74
95.18	5.78
95.21	5.78
95.23	5.77
95.26	5.80
95.28	5.82
95.31	5.80
95.33	5.80
95.36	5.82
95.38	5.81
95.40	5.81
95.43	5.85
95.45	5.84
95.48	5.83
95.50	5.87
95.53	5.87
95.55	5.85
95.57	5.88
95.60	5.90
95.62	5.89
95.65	5.90
95.67	5.93
95.70	5.92
95.72	5.92
95.75	5.95
95.77	5.96
95.79	5.94
95.82	5.98
95.84	6.00
95.87	5.98
95.89	6.00
95.92	6.03
95.94	6.02
95.97	6.02
95.99	6.08
96.01	6.08
96.04	6.08
96.06	6.12
96.09	6.12
96.11	6.10
96.14	6.13
96.16	6.15
96.19	6.14
96.21	6.16
96.23	6.19
96.26	6.18
96.28	6.18
96.31	6.22
96.33	6.23
96.36	6.22
96.38	6.25
96.41	6.27
96.43	6.25
96.45	6.27
96.48	6.30
96.50	6.29
96.53	6.30
96.55	6.34
96.58	6.34
96.60	6.33
96.62	6.35
96.65	6.36
96.67	6.34
96.70	6.37
96.72	6.40
96.75	6.39
96.77	6.40
96.80	6.44
96.82	6.43
96.84	6.44
96.87	6.48
96.89	6.48
96.92	6.47
96.94	6.50
96.97	6.52
96.99	6.51
97.02	6.53
97.04	6.57
97.06	6.55
97.09	6.56
97.11	6.60
97.14	6.60
97.16	6.59
97.19	6.63
97.21	6.64
97.24	6.63
97.26	6.66
97.28	6.70
97.31	6.69
97.33	6.70
97.36	6.74
97.38	6.73
97.41	6.73
97.43	6.78
97.46	6.78
97.48	6.78
97.50	6.81
97.53	6.83
97.55	6.82
97.58	6.85
97.60	6.88
97.63	6.87
97.65	6.88
97.68	6.92
97.70	6.92
97.72	6.92
97.75	6.96
97.77	6.98
97.80	6.96
97.82	6.99
97.85	7.02
97.87	7.01
97.89	7.02
97.92	7.06
97.94	7.06
97.97	7.07
97.99	7.11
98.02	7.12
98.04	7.11
98.07	7.14
98.09	7.16
98.11	7.15
98.14	7.17
98.16	7.21
98.19	7.20
98.21	7.21
98.24	7.25
98.26	7.25
98.29	7.25
98.31	7.29
98.33	7.31
98.36	7.29
98.38	7.32
98.41	7.35
98.43	7.34
98.46	7.36
98.48	7.40
98.51	7.39
98.53	7.40
98.55	7.44
98.58	7.45
98.60	7.44
98.63	7.48
98.65	7.51
98.68	7.49
98.70	7.52
98.73	7.55
98.75	7.54
98.77	7.56
98.80	7.60
98.82	7.59
98.85	7.59
98.87	7.63
98.90	7.65
98.92	7.64
98.94	7.67
98.97	7.70
98.99	7.69
99.02	7.70
99.04	7.75
99.07	7.74
99.09	7.74
99.12	7.79
99.14	7.80
99.16	7.79
99.19	7.83
99.21	7.85
99.24	7.84
99.26	7.86
99.29	7.89
99.31	7.88
99.34	7.88
99.36	7.93
99.38	7.93
99.41	7.93
99.43	7.97
99.46	7.99
99.48	7.98
99.51	8.01
99.53	8.03
99.56	8.02
99.58	8.03
99.60	8.04
99.63	8.01
99.65	8.02
99.68	8.03
99.70	8.01
99.73	8.00
99.75	8.02
99.78	8.00
99.80	7.98
99.82	7.99
99.85	7.98
99.87	7.95
99.90	7.96
