#U1/V	IA/nA 
0.02	0.19
0.04	0.18
0.07	0.18
0.09	0.18
0.12	0.18
0.14	0.17
0.17	0.18
0.19	0.18
0.21	0.17
0.24	0.19
0.26	0.18
0.29	0.18
0.31	0.19
0.34	0.18
0.36	0.18
0.39	0.18
0.41	0.18
0.43	0.17
0.46	0.18
0.48	0.19
0.51	0.18
0.53	0.18
0.56	0.20
0.58	0.18
0.61	0.18
0.63	0.19
0.65	0.18
0.68	0.18
0.70	0.18
0.73	0.19
0.75	0.18
0.78	0.18
0.80	0.20
0.83	0.18
0.85	0.18
0.87	0.20
0.90	0.17
0.92	0.17
0.95	0.18
0.97	0.18
1.00	0.18
1.02	0.18
1.05	0.19
1.07	0.18
1.09	0.18
1.12	0.20
1.14	0.18
1.17	0.18
1.19	0.19
1.22	0.19
1.24	0.19
1.26	0.20
1.29	0.20
1.31	0.20
1.34	0.20
1.36	0.22
1.39	0.20
1.41	0.20
1.44	0.22
1.46	0.20
1.48	0.20
1.51	0.20
1.53	0.20
1.56	0.19
1.58	0.19
1.61	0.21
1.63	0.19
1.66	0.19
1.68	0.22
1.70	0.20
1.73	0.20
1.75	0.21
1.78	0.19
1.80	0.19
1.83	0.19
1.85	0.20
1.88	0.17
1.90	0.17
1.92	0.19
1.95	0.17
1.97	0.17
2.00	0.19
2.02	0.17
2.05	0.17
2.07	0.18
2.10	0.17
2.12	0.17
2.14	0.19
2.17	0.18
2.19	0.17
2.22	0.20
2.24	0.20
2.27	0.18
2.29	0.20
2.31	0.20
2.34	0.17
2.36	0.18
2.39	0.20
2.41	0.18
2.44	0.18
2.46	0.20
2.49	0.20
2.51	0.19
2.53	0.21
2.56	0.21
2.58	0.19
2.61	0.20
2.63	0.21
2.66	0.19
2.68	0.19
2.71	0.20
2.73	0.19
2.75	0.18
2.78	0.21
2.80	0.19
2.83	0.19
2.85	0.21
2.88	0.18
2.90	0.18
2.93	0.19
2.95	0.19
2.97	0.19
3.00	0.19
3.02	0.20
3.05	0.18
3.07	0.18
3.10	0.21
3.12	0.19
3.15	0.19
3.17	0.21
3.19	0.18
3.22	0.18
3.24	0.19
3.27	0.19
3.29	0.18
3.32	0.18
3.34	0.20
3.36	0.18
3.39	0.18
3.41	0.20
3.44	0.18
3.46	0.18
3.49	0.19
3.51	0.18
3.54	0.18
3.56	0.17
3.58	0.19
3.61	0.17
3.63	0.17
3.66	0.20
3.68	0.18
3.71	0.18
3.73	0.19
3.76	0.17
3.78	0.17
3.80	0.17
3.83	0.17
3.85	0.17
3.88	0.17
3.90	0.18
3.93	0.17
3.95	0.17
3.98	0.19
4.00	0.17
4.02	0.17
4.05	0.18
4.07	0.17
4.10	0.17
4.12	0.17
4.15	0.18
4.17	0.17
4.20	0.17
4.22	0.20
4.24	0.18
4.27	0.18
4.29	0.20
4.32	0.17
4.34	0.17
4.37	0.18
4.39	0.18
4.42	0.18
4.44	0.18
4.46	0.20
4.49	0.18
4.51	0.18
4.54	0.21
4.56	0.19
4.59	0.19
4.61	0.19
4.63	0.17
4.66	0.17
4.68	0.19
4.71	0.18
4.73	0.17
4.76	0.20
4.78	0.20
4.81	0.18
4.83	0.20
4.85	0.20
4.88	0.18
4.90	0.18
4.93	0.19
4.95	0.17
4.98	0.17
5.00	0.19
5.03	0.18
5.05	0.17
5.07	0.20
5.10	0.19
5.12	0.17
5.15	0.19
5.17	0.19
5.20	0.17
5.22	0.17
5.25	0.18
5.27	0.17
5.29	0.17
5.32	0.19
5.34	0.18
5.37	0.18
5.39	0.20
5.42	0.17
5.44	0.17
5.47	0.18
5.49	0.17
5.51	0.17
5.54	0.17
5.56	0.18
5.59	0.17
5.61	0.17
5.64	0.20
5.66	0.18
5.68	0.18
5.71	0.20
5.73	0.17
5.76	0.17
5.78	0.18
5.81	0.18
5.83	0.17
5.86	0.18
5.88	0.19
5.90	0.18
5.93	0.18
5.95	0.20
5.98	0.18
6.00	0.18
6.03	0.19
6.05	0.18
6.08	0.18
6.10	0.18
6.12	0.19
6.15	0.18
6.17	0.17
6.20	0.20
6.22	0.18
6.25	0.18
6.27	0.20
6.30	0.17
6.32	0.17
6.34	0.18
6.37	0.17
6.39	0.17
6.42	0.17
6.44	0.19
6.47	0.17
6.49	0.17
6.52	0.20
6.54	0.17
6.56	0.18
6.59	0.19
6.61	0.18
6.64	0.18
6.66	0.18
6.69	0.19
6.71	0.18
6.73	0.18
6.76	0.20
6.78	0.18
6.81	0.18
6.83	0.20
6.86	0.18
6.88	0.18
6.91	0.19
6.93	0.18
6.95	0.18
6.98	0.18
7.00	0.20
7.03	0.19
7.05	0.21
7.08	0.21
7.10	0.19
7.13	0.21
7.15	0.21
7.17	0.18
7.20	0.19
7.22	0.21
7.25	0.19
7.27	0.18
7.30	0.21
7.32	0.21
7.35	0.19
7.37	0.22
7.39	0.22
7.42	0.19
7.44	0.21
7.47	0.21
7.49	0.19
7.52	0.20
7.54	0.22
7.57	0.21
7.59	0.19
7.61	0.22
7.64	0.22
7.66	0.20
7.69	0.22
7.71	0.19
7.74	0.19
7.76	0.20
7.78	0.19
7.81	0.19
7.83	0.19
7.86	0.21
7.88	0.19
7.91	0.19
7.93	0.22
7.96	0.19
7.98	0.19
8.00	0.21
8.03	0.19
8.05	0.19
8.08	0.19
8.10	0.20
8.13	0.19
8.15	0.19
8.18	0.21
8.20	0.19
8.22	0.19
8.25	0.21
8.27	0.18
8.30	0.18
8.32	0.19
8.35	0.19
8.37	0.19
8.40	0.19
8.42	0.20
8.44	0.19
8.47	0.19
8.49	0.22
8.52	0.20
8.54	0.20
8.57	0.21
8.59	0.19
8.62	0.19
8.64	0.20
8.66	0.20
8.69	0.19
8.71	0.19
8.74	0.21
8.76	0.20
8.79	0.20
8.81	0.22
8.84	0.20
8.86	0.20
8.88	0.21
8.91	0.20
8.93	0.20
8.96	0.20
8.98	0.21
9.01	0.20
9.03	0.20
9.05	0.22
9.08	0.20
9.10	0.20
9.13	0.22
9.15	0.19
9.18	0.19
9.20	0.20
9.23	0.20
9.25	0.20
9.27	0.20
9.30	0.19
9.32	0.18
9.35	0.18
9.37	0.20
9.40	0.18
9.42	0.18
9.45	0.19
9.47	0.17
9.49	0.17
9.52	0.19
9.54	0.19
9.57	0.17
9.59	0.20
9.62	0.20
9.64	0.18
9.67	0.20
9.69	0.20
9.71	0.18
9.74	0.19
9.76	0.20
9.79	0.18
9.81	0.18
9.84	0.20
9.86	0.19
9.89	0.17
9.91	0.20
9.93	0.20
9.96	0.20
9.98	0.22
10.01	0.23
10.03	0.20
10.06	0.21
10.08	0.22
10.10	0.20
10.13	0.20
10.15	0.22
10.18	0.21
10.20	0.21
10.23	0.23
10.25	0.20
10.28	0.20
10.30	0.22
10.32	0.20
10.35	0.20
10.37	0.21
10.40	0.21
10.42	0.20
10.45	0.20
10.47	0.23
10.50	0.21
10.52	0.21
10.54	0.23
10.57	0.20
10.59	0.20
10.62	0.21
10.64	0.21
10.67	0.21
10.69	0.21
10.72	0.23
10.74	0.21
10.76	0.21
10.79	0.23
10.81	0.21
10.84	0.21
10.86	0.22
10.89	0.21
10.91	0.21
10.94	0.21
10.96	0.22
10.98	0.21
11.01	0.21
11.03	0.23
11.06	0.21
11.08	0.21
11.11	0.24
11.13	0.21
11.15	0.21
11.18	0.22
11.20	0.21
11.23	0.21
11.25	0.21
11.28	0.22
11.30	0.20
11.33	0.20
11.35	0.23
11.37	0.21
11.40	0.21
11.42	0.23
11.45	0.22
11.47	0.22
11.50	0.22
11.52	0.22
11.55	0.21
11.57	0.21
11.59	0.23
11.62	0.21
11.64	0.21
11.67	0.24
11.69	0.21
11.72	0.21
11.74	0.22
11.77	0.21
11.79	0.21
11.81	0.22
11.84	0.24
11.86	0.22
11.89	0.22
11.91	0.23
11.94	0.21
11.96	0.23
11.99	0.23
12.01	0.20
12.03	0.21
12.06	0.23
12.08	0.21
12.11	0.20
12.13	0.23
12.16	0.22
12.18	0.20
12.21	0.23
12.23	0.23
12.25	0.21
12.28	0.22
12.30	0.23
12.33	0.21
12.35	0.21
12.38	0.23
12.40	0.22
12.42	0.21
12.45	0.24
12.47	0.23
12.50	0.21
12.52	0.24
12.55	0.24
12.57	0.22
12.60	0.23
12.62	0.23
12.64	0.23
12.67	0.23
12.69	0.24
12.72	0.22
12.74	0.22
12.77	0.25
12.79	0.23
12.82	0.23
12.84	0.24
12.86	0.22
12.89	0.22
12.91	0.23
12.94	0.24
12.96	0.22
12.99	0.22
13.01	0.25
13.04	0.22
13.06	0.22
13.08	0.25
13.11	0.22
13.13	0.22
13.16	0.23
13.18	0.22
13.21	0.22
13.23	0.23
13.26	0.24
13.28	0.22
13.30	0.22
13.33	0.25
13.35	0.23
13.38	0.23
13.40	0.25
13.43	0.22
13.45	0.22
13.47	0.23
13.50	0.23
13.52	0.23
13.55	0.23
13.57	0.25
13.60	0.23
13.62	0.23
13.65	0.26
13.67	0.23
13.69	0.23
13.72	0.24
13.74	0.23
13.77	0.23
13.79	0.24
13.82	0.25
13.84	0.23
13.87	0.23
13.89	0.26
13.91	0.24
13.94	0.24
13.96	0.26
13.99	0.23
14.01	0.23
14.04	0.24
14.06	0.24
14.09	0.24
14.11	0.24
14.13	0.25
14.16	0.23
14.18	0.24
14.21	0.26
14.23	0.24
14.26	0.24
14.28	0.25
14.31	0.24
14.33	0.24
14.35	0.26
14.38	0.25
14.40	0.23
14.43	0.27
14.45	0.26
14.48	0.23
14.50	0.26
14.52	0.28
14.55	0.25
14.57	0.26
14.60	0.28
14.62	0.25
14.65	0.26
14.67	0.28
14.70	0.27
14.72	0.25
14.74	0.28
14.77	0.28
14.79	0.25
14.82	0.27
14.84	0.28
14.87	0.25
14.89	0.26
14.92	0.28
14.94	0.27
14.96	0.25
14.99	0.28
15.01	0.26
15.04	0.26
15.06	0.29
15.09	0.25
15.11	0.25
15.14	0.25
15.16	0.24
15.18	0.22
15.21	0.23
15.23	0.24
15.26	0.23
15.28	0.23
15.31	0.25
15.33	0.23
15.36	0.23
15.38	0.25
15.40	0.22
15.43	0.22
15.45	0.24
15.48	0.24
15.50	0.23
15.53	0.23
15.55	0.25
15.57	0.23
15.60	0.23
15.62	0.26
15.65	0.23
15.67	0.23
15.70	0.25
15.72	0.23
15.75	0.23
15.77	0.24
15.79	0.26
15.82	0.24
15.84	0.24
15.87	0.27
15.89	0.24
15.92	0.24
15.94	0.27
15.97	0.24
15.99	0.24
16.01	0.25
16.04	0.24
16.06	0.24
16.09	0.24
16.11	0.25
16.14	0.23
16.16	0.23
16.19	0.26
16.21	0.24
16.23	0.24
16.26	0.26
16.28	0.23
16.31	0.23
16.33	0.24
16.36	0.24
16.38	0.23
16.41	0.23
16.43	0.25
16.45	0.23
16.48	0.23
16.50	0.25
16.53	0.22
16.55	0.22
16.58	0.24
16.60	0.22
16.63	0.22
16.65	0.23
16.67	0.24
16.70	0.23
16.72	0.23
16.75	0.25
16.77	0.23
16.80	0.23
16.82	0.24
16.84	0.20
16.87	0.21
16.89	0.23
16.92	0.21
16.94	0.21
16.97	0.21
16.99	0.20
17.02	0.18
17.04	0.21
17.06	0.21
17.09	0.18
17.11	0.20
17.14	0.21
17.16	0.18
17.19	0.19
17.21	0.20
17.24	0.19
17.26	0.18
17.28	0.21
17.31	0.20
17.33	0.18
17.36	0.20
17.38	0.21
17.41	0.18
17.43	0.19
17.46	0.20
17.48	0.20
17.50	0.20
17.53	0.20
17.55	0.19
17.58	0.19
17.60	0.21
17.63	0.21
17.65	0.21
17.68	0.23
17.70	0.21
17.72	0.21
17.75	0.22
17.77	0.22
17.80	0.21
17.82	0.21
17.85	0.23
17.87	0.21
17.89	0.21
17.92	0.23
17.94	0.20
17.97	0.20
17.99	0.22
18.02	0.20
18.04	0.20
18.07	0.20
18.09	0.21
18.11	0.20
18.14	0.20
18.16	0.23
18.19	0.21
18.21	0.21
18.24	0.22
18.26	0.19
18.29	0.19
18.31	0.20
18.33	0.20
18.36	0.20
18.38	0.20
18.41	0.21
18.43	0.19
18.46	0.19
18.48	0.22
18.51	0.20
18.53	0.20
18.55	0.21
18.58	0.20
18.60	0.20
18.63	0.20
18.65	0.21
18.68	0.20
18.70	0.20
18.73	0.22
18.75	0.20
18.77	0.20
18.80	0.22
18.82	0.19
18.85	0.19
18.87	0.20
18.90	0.20
18.92	0.20
18.94	0.20
18.97	0.22
18.99	0.20
19.02	0.20
19.04	0.22
19.07	0.20
19.09	0.20
19.12	0.22
19.14	0.20
19.16	0.20
19.19	0.20
19.21	0.20
19.24	0.19
19.26	0.22
19.29	0.21
19.31	0.19
19.34	0.22
19.36	0.22
19.38	0.19
19.41	0.20
19.43	0.21
19.46	0.19
19.48	0.19
19.51	0.20
19.53	0.20
19.56	0.18
19.58	0.21
19.60	0.21
19.63	0.18
19.65	0.20
19.68	0.20
19.70	0.18
19.73	0.18
19.75	0.20
19.78	0.18
19.80	0.18
19.82	0.20
19.85	0.20
19.87	0.18
19.90	0.21
19.92	0.18
19.95	0.18
19.97	0.19
19.99	0.18
20.02	0.18
20.04	0.18
20.07	0.19
20.09	0.18
20.12	0.18
20.14	0.20
20.17	0.18
20.19	0.18
20.21	0.21
20.24	0.18
20.26	0.18
20.29	0.19
20.31	0.18
20.34	0.18
20.36	0.18
20.39	0.20
20.41	0.18
20.43	0.18
20.46	0.21
20.48	0.18
20.51	0.19
20.53	0.20
20.56	0.18
20.58	0.18
20.61	0.18
20.63	0.18
20.65	0.18
20.68	0.18
20.70	0.20
20.73	0.18
20.75	0.18
20.78	0.20
20.80	0.18
20.83	0.18
20.85	0.19
20.87	0.18
20.90	0.18
20.92	0.18
20.95	0.19
20.97	0.18
21.00	0.18
21.02	0.20
21.05	0.18
21.07	0.18
21.09	0.20
21.12	0.17
21.14	0.17
21.17	0.18
21.19	0.18
21.22	0.17
21.24	0.17
21.26	0.20
21.29	0.18
21.31	0.18
21.34	0.20
21.36	0.18
21.39	0.18
21.41	0.19
21.44	0.17
21.46	0.17
21.48	0.18
21.51	0.19
21.53	0.17
21.56	0.17
21.58	0.20
21.61	0.18
21.63	0.18
21.66	0.20
21.68	0.18
21.70	0.18
21.73	0.19
21.75	0.18
21.78	0.18
21.80	0.20
21.83	0.19
21.85	0.18
21.88	0.20
21.90	0.20
21.92	0.18
21.95	0.20
21.97	0.20
22.00	0.18
22.02	0.18
22.05	0.20
22.07	0.19
22.10	0.18
22.12	0.20
22.14	0.20
22.17	0.18
22.19	0.20
22.22	0.20
22.24	0.18
22.27	0.18
22.29	0.19
22.31	0.17
22.34	0.17
22.36	0.18
22.39	0.17
22.41	0.17
22.44	0.20
22.46	0.18
22.49	0.18
22.51	0.19
22.53	0.17
22.56	0.17
22.58	0.17
22.61	0.17
22.63	0.17
22.66	0.17
22.68	0.19
22.71	0.18
22.73	0.18
22.75	0.20
22.78	0.17
22.80	0.17
22.83	0.18
22.85	0.16
22.88	0.16
22.90	0.17
22.93	0.19
22.95	0.18
22.97	0.18
23.00	0.20
23.02	0.18
23.05	0.18
23.07	0.20
23.10	0.18
23.12	0.18
23.15	0.19
23.17	0.19
23.19	0.19
23.22	0.19
23.24	0.20
23.27	0.19
23.29	0.19
23.32	0.21
23.34	0.19
23.36	0.19
23.39	0.21
23.41	0.20
23.44	0.20
23.46	0.20
23.49	0.22
23.51	0.21
23.54	0.21
23.56	0.24
23.58	0.22
23.61	0.22
23.63	0.25
23.66	0.22
23.68	0.22
23.71	0.24
23.73	0.24
23.76	0.24
23.78	0.24
23.80	0.26
23.83	0.25
23.85	0.25
23.88	0.29
23.90	0.26
23.93	0.26
23.95	0.29
23.98	0.28
24.00	0.28
24.02	0.30
24.05	0.31
24.07	0.30
24.10	0.30
24.12	0.32
24.15	0.30
24.17	0.34
24.20	0.35
24.22	0.31
24.24	0.34
24.27	0.37
24.29	0.34
24.32	0.36
24.34	0.40
24.37	0.38
24.39	0.36
24.42	0.41
24.44	0.41
24.46	0.38
24.49	0.42
24.51	0.44
24.54	0.40
24.56	0.44
24.59	0.48
24.61	0.45
24.63	0.46
24.66	0.50
24.68	0.49
24.71	0.46
24.73	0.52
24.76	0.53
24.78	0.51
24.81	0.56
24.83	0.55
24.85	0.54
24.88	0.58
24.90	0.60
24.93	0.58
24.95	0.60
24.98	0.63
25.00	0.61
25.03	0.62
25.05	0.68
25.07	0.66
25.10	0.66
25.12	0.71
25.15	0.72
25.17	0.70
25.20	0.74
25.22	0.77
25.25	0.75
25.27	0.77
25.29	0.82
25.32	0.80
25.34	0.81
25.37	0.87
25.39	0.87
25.42	0.87
25.44	0.92
25.47	0.94
25.49	0.91
25.51	0.95
25.54	0.99
25.56	0.96
25.59	0.99
25.61	1.05
25.64	1.03
25.66	1.04
25.68	1.09
25.71	1.10
25.73	1.08
25.76	1.14
25.78	1.16
25.81	1.14
25.83	1.18
25.86	1.22
25.88	1.19
25.90	1.21
25.93	1.26
25.95	1.25
25.98	1.24
26.00	1.30
26.03	1.32
26.05	1.29
26.08	1.34
26.10	1.37
26.12	1.35
26.15	1.38
26.17	1.43
26.20	1.40
26.22	1.40
26.25	1.44
26.27	1.44
26.30	1.42
26.32	1.48
26.34	1.50
26.37	1.47
26.39	1.50
26.42	1.54
26.44	1.51
26.47	1.53
26.49	1.59
26.52	1.57
26.54	1.57
26.56	1.63
26.59	1.59
26.61	1.60
26.64	1.67
26.66	1.65
26.69	1.62
26.71	1.70
26.73	1.70
26.76	1.65
26.78	1.70
26.81	1.75
26.83	1.69
26.86	1.73
26.88	1.78
26.91	1.77
26.93	1.76
26.95	1.84
26.98	1.82
27.00	1.78
27.03	1.85
27.05	1.87
27.08	1.82
27.10	1.86
27.13	1.91
27.15	1.85
27.17	1.87
27.20	1.93
27.22	1.89
27.25	1.92
27.27	1.96
27.30	1.93
27.32	1.93
27.35	1.99
27.37	1.97
27.39	1.95
27.42	2.00
27.44	2.00
27.47	1.97
27.49	2.01
27.52	2.04
27.54	2.01
27.57	2.03
27.59	2.07
27.61	2.04
27.64	2.04
27.66	2.09
27.69	2.08
27.71	2.06
27.74	2.11
27.76	2.12
27.78	2.08
27.81	2.12
27.83	2.15
27.86	2.11
27.88	2.11
27.91	2.16
27.93	2.15
27.96	2.14
27.98	2.19
28.00	2.18
28.03	2.15
28.05	2.20
28.08	2.22
28.10	2.18
28.13	2.21
28.15	2.25
28.18	2.21
28.20	2.21
28.22	2.26
28.25	2.25
28.27	2.23
28.30	2.27
28.32	2.28
28.35	2.25
28.37	2.28
28.40	2.30
28.42	2.27
28.44	2.28
28.47	2.33
28.49	2.30
28.52	2.29
28.54	2.34
28.57	2.34
28.59	2.30
28.62	2.34
28.64	2.36
28.66	2.33
28.69	2.35
28.71	2.38
28.74	2.35
28.76	2.35
28.79	2.40
28.81	2.38
28.84	2.36
28.86	2.41
28.88	2.41
28.91	2.37
28.93	2.41
28.96	2.43
28.98	2.40
29.01	2.44
29.03	2.45
29.05	2.40
29.08	2.44
29.10	2.48
29.13	2.42
29.15	2.44
29.18	2.50
29.20	2.46
29.23	2.44
29.25	2.51
29.27	2.49
29.30	2.44
29.32	2.50
29.35	2.53
29.37	2.46
29.40	2.50
29.42	2.54
29.45	2.49
29.47	2.49
29.49	2.56
29.52	2.53
29.54	2.49
29.57	2.56
29.59	2.56
29.62	2.51
29.64	2.56
29.67	2.56
29.69	2.54
29.71	2.59
29.74	2.59
29.76	2.56
29.79	2.58
29.81	2.61
29.84	2.58
29.86	2.58
29.89	2.63
29.91	2.58
29.93	2.57
29.96	2.62
29.98	2.62
30.01	2.58
30.03	2.62
30.06	2.63
30.08	2.60
30.10	2.62
30.13	2.66
30.15	2.62
30.18	2.62
30.20	2.66
30.23	2.65
30.25	2.63
30.28	2.67
30.30	2.67
30.32	2.63
30.35	2.67
30.37	2.69
30.40	2.65
30.42	2.66
30.45	2.71
30.47	2.68
30.50	2.66
30.52	2.70
30.54	2.70
30.57	2.69
30.59	2.73
30.62	2.74
30.64	2.71
30.67	2.73
30.69	2.76
30.72	2.72
30.74	2.72
30.76	2.77
30.79	2.75
30.81	2.73
30.84	2.77
30.86	2.78
30.89	2.74
30.91	2.77
30.94	2.80
30.96	2.76
30.98	2.77
31.01	2.81
31.03	2.77
31.06	2.77
31.08	2.82
31.11	2.80
31.13	2.78
31.15	2.82
31.18	2.83
31.20	2.79
31.23	2.81
31.25	2.84
31.28	2.80
31.30	2.80
31.33	2.84
31.35	2.82
31.37	2.80
31.40	2.85
31.42	2.84
31.45	2.81
31.47	2.87
31.50	2.84
31.52	2.80
31.55	2.87
31.57	2.86
31.59	2.80
31.62	2.84
31.64	2.88
31.67	2.81
31.69	2.82
31.72	2.87
31.74	2.83
31.77	2.80
31.79	2.86
31.81	2.83
31.84	2.78
31.86	2.84
31.89	2.85
31.91	2.78
31.94	2.81
31.96	2.85
31.99	2.78
32.01	2.78
32.03	2.83
32.06	2.80
32.08	2.75
32.11	2.81
32.13	2.76
32.16	2.74
32.18	2.78
32.20	2.75
32.23	2.71
32.25	2.75
32.28	2.75
32.30	2.69
32.33	2.71
32.35	2.72
32.38	2.67
32.40	2.67
32.42	2.69
32.45	2.65
32.47	2.60
32.50	2.63
32.52	2.61
32.55	2.57
32.57	2.60
32.60	2.59
32.62	2.54
32.64	2.55
32.67	2.56
32.69	2.51
32.72	2.49
32.74	2.51
32.77	2.48
32.79	2.45
32.82	2.48
32.84	2.46
32.86	2.41
32.89	2.42
32.91	2.43
32.94	2.37
32.96	2.36
32.99	2.38
33.01	2.34
33.04	2.31
33.06	2.34
33.08	2.31
33.11	2.26
33.13	2.31
33.16	2.30
33.18	2.25
33.21	2.25
33.23	2.26
33.26	2.21
33.28	2.18
33.30	2.21
33.33	2.17
33.35	2.13
33.38	2.16
33.40	2.14
33.43	2.08
33.45	2.09
33.47	2.10
33.50	2.04
33.52	2.04
33.55	2.05
33.57	2.00
33.60	1.97
33.62	1.99
33.65	1.96
33.67	1.92
33.69	1.94
33.72	1.93
33.74	1.87
33.77	1.87
33.79	1.88
33.82	1.82
33.84	1.80
33.87	1.83
33.89	1.75
33.91	1.76
33.94	1.79
33.96	1.72
33.99	1.70
34.01	1.74
34.04	1.69
34.06	1.63
34.09	1.68
34.11	1.65
34.13	1.58
34.16	1.60
34.18	1.62
34.21	1.54
34.23	1.54
34.26	1.57
34.28	1.51
34.31	1.47
34.33	1.52
34.35	1.48
34.38	1.41
34.40	1.44
34.43	1.44
34.45	1.36
34.48	1.38
34.50	1.41
34.52	1.32
34.55	1.34
34.57	1.33
34.60	1.28
34.62	1.28
34.65	1.29
34.67	1.24
34.70	1.21
34.72	1.24
34.74	1.20
34.77	1.16
34.79	1.19
34.82	1.17
34.84	1.11
34.87	1.12
34.89	1.12
34.92	1.07
34.94	1.06
34.96	1.09
34.99	1.04
35.01	1.01
35.04	1.03
35.06	1.01
35.09	0.96
35.11	0.99
35.14	0.98
35.16	0.93
35.18	0.93
35.21	0.95
35.23	0.89
35.26	0.87
35.28	0.90
35.31	0.87
35.33	0.83
35.36	0.86
35.38	0.85
35.40	0.80
35.43	0.81
35.45	0.82
35.48	0.76
35.50	0.76
35.53	0.78
35.55	0.73
35.57	0.71
35.60	0.74
35.62	0.71
35.65	0.68
35.67	0.71
35.70	0.71
35.72	0.66
35.75	0.66
35.77	0.68
35.79	0.62
35.82	0.61
35.84	0.64
35.87	0.61
35.89	0.60
35.92	0.62
35.94	0.61
35.97	0.57
35.99	0.58
36.01	0.59
36.04	0.54
36.06	0.54
36.09	0.57
36.11	0.53
36.14	0.52
36.16	0.55
36.19	0.53
36.21	0.51
36.23	0.54
36.26	0.53
36.28	0.49
36.31	0.50
36.33	0.50
36.36	0.46
36.38	0.49
36.41	0.51
36.43	0.45
36.45	0.47
36.48	0.50
36.50	0.46
36.53	0.44
36.55	0.48
36.58	0.45
36.60	0.41
36.62	0.45
36.65	0.43
36.67	0.39
36.70	0.42
36.72	0.44
36.75	0.39
36.77	0.40
36.80	0.43
36.82	0.40
36.84	0.37
36.87	0.41
36.89	0.39
36.92	0.35
36.94	0.38
36.97	0.38
36.99	0.35
37.02	0.37
37.04	0.36
37.06	0.34
37.09	0.35
37.11	0.35
37.14	0.32
37.16	0.32
37.19	0.35
37.21	0.31
37.24	0.31
37.26	0.33
37.28	0.31
37.31	0.31
37.33	0.32
37.36	0.32
37.38	0.30
37.41	0.30
37.43	0.31
37.46	0.28
37.48	0.28
37.50	0.31
37.53	0.28
37.55	0.28
37.58	0.29
37.60	0.27
37.63	0.27
37.65	0.27
37.68	0.28
37.70	0.25
37.72	0.25
37.75	0.28
37.77	0.25
37.80	0.25
37.82	0.26
37.85	0.24
37.87	0.24
37.89	0.24
37.92	0.24
37.94	0.23
37.97	0.23
37.99	0.24
38.02	0.22
38.04	0.22
38.07	0.24
38.09	0.21
38.11	0.21
38.14	0.22
38.16	0.20
38.19	0.20
38.21	0.20
38.24	0.21
38.26	0.19
38.29	0.19
38.31	0.22
38.33	0.19
38.36	0.19
38.38	0.21
38.41	0.18
38.43	0.18
38.46	0.18
38.48	0.18
38.51	0.18
38.53	0.18
38.55	0.19
38.58	0.18
38.60	0.18
38.63	0.20
38.65	0.17
38.68	0.17
38.70	0.18
38.73	0.16
38.75	0.16
38.77	0.18
38.80	0.17
38.82	0.16
38.85	0.18
38.87	0.18
38.90	0.16
38.92	0.18
38.94	0.18
38.97	0.15
38.99	0.15
39.02	0.16
39.04	0.15
39.07	0.15
39.09	0.17
39.12	0.17
39.14	0.15
39.16	0.17
39.19	0.17
39.21	0.15
39.24	0.16
39.26	0.16
39.29	0.14
39.31	0.14
39.34	0.15
39.36	0.15
39.38	0.14
39.41	0.16
39.43	0.14
39.46	0.14
39.48	0.15
39.51	0.14
39.53	0.14
39.56	0.14
39.58	0.14
39.60	0.14
39.63	0.13
39.65	0.15
39.68	0.14
39.70	0.14
39.73	0.17
39.75	0.15
39.78	0.15
39.80	0.16
39.82	0.15
39.85	0.15
39.87	0.15
39.90	0.17
39.92	0.16
39.95	0.16
39.97	0.19
39.99	0.18
40.02	0.18
40.04	0.21
40.07	0.18
40.09	0.19
40.12	0.20
40.14	0.21
40.17	0.21
40.19	0.21
40.21	0.25
40.24	0.24
40.26	0.24
40.29	0.27
40.31	0.25
40.34	0.25
40.36	0.28
40.39	0.28
40.41	0.28
40.43	0.30
40.46	0.32
40.48	0.31
40.51	0.31
40.53	0.36
40.56	0.33
40.58	0.33
40.61	0.38
40.63	0.36
40.65	0.37
40.68	0.40
40.70	0.41
40.73	0.41
40.75	0.43
40.78	0.46
40.80	0.44
40.83	0.45
40.85	0.50
40.87	0.47
40.90	0.50
40.92	0.55
40.95	0.55
40.97	0.55
41.00	0.59
41.02	0.61
41.05	0.59
41.07	0.61
41.09	0.65
41.12	0.63
41.14	0.63
41.17	0.69
41.19	0.68
41.22	0.70
41.24	0.75
41.26	0.70
41.29	0.73
41.31	0.79
41.34	0.77
41.36	0.75
41.39	0.82
41.41	0.83
41.44	0.79
41.46	0.85
41.48	0.90
41.51	0.85
41.53	0.89
41.56	0.93
41.58	0.88
41.61	0.88
41.63	0.95
41.66	0.94
41.68	0.92
41.70	0.99
41.73	1.01
41.75	0.98
41.78	1.02
41.80	1.08
41.83	1.03
41.85	1.07
41.88	1.12
41.90	1.09
41.92	1.13
41.95	1.17
41.97	1.15
42.00	1.17
42.02	1.23
42.05	1.22
42.07	1.22
42.10	1.27
42.12	1.29
42.14	1.27
42.17	1.32
42.19	1.35
42.22	1.33
42.24	1.36
42.27	1.42
42.29	1.40
42.31	1.41
42.34	1.47
42.36	1.47
42.39	1.46
42.41	1.52
42.44	1.55
42.46	1.52
42.49	1.56
42.51	1.60
42.53	1.58
42.56	1.60
42.58	1.66
42.61	1.65
42.63	1.66
42.66	1.71
42.68	1.72
42.71	1.70
42.73	1.75
42.75	1.78
42.78	1.76
42.80	1.79
42.83	1.84
42.85	1.82
42.88	1.83
42.90	1.89
42.93	1.89
42.95	1.88
42.97	1.94
43.00	1.95
43.02	1.93
43.05	1.96
43.07	2.00
43.10	1.98
43.12	2.00
43.15	2.06
43.17	2.04
43.19	2.04
43.22	2.10
43.24	2.11
43.27	2.08
43.29	2.13
43.32	2.16
43.34	2.14
43.36	2.17
43.39	2.22
43.41	2.20
43.44	2.21
43.46	2.27
43.49	2.26
43.51	2.25
43.54	2.30
43.56	2.32
43.58	2.29
43.61	2.33
43.63	2.37
43.66	2.33
43.68	2.39
43.71	2.42
43.73	2.37
43.76	2.42
43.78	2.48
43.80	2.43
43.83	2.45
43.85	2.52
43.88	2.50
43.90	2.47
43.93	2.56
43.95	2.56
43.98	2.52
44.00	2.56
44.02	2.61
44.05	2.56
44.07	2.60
44.10	2.66
44.12	2.63
44.15	2.62
44.17	2.70
44.20	2.68
44.22	2.65
44.24	2.72
44.27	2.75
44.29	2.70
44.32	2.76
44.34	2.77
44.37	2.75
44.39	2.79
44.41	2.82
44.44	2.79
44.46	2.82
44.49	2.86
44.51	2.83
44.54	2.84
44.56	2.90
44.59	2.89
44.61	2.88
44.63	2.93
44.66	2.94
44.68	2.91
44.71	2.94
44.73	3.00
44.76	2.97
44.78	2.99
44.81	3.04
44.83	3.02
44.85	3.03
44.88	3.08
44.90	3.08
44.93	3.05
44.95	3.10
44.98	3.12
45.00	3.10
45.03	3.13
45.05	3.17
45.07	3.14
45.10	3.14
45.12	3.19
45.15	3.18
45.17	3.17
45.20	3.22
45.22	3.23
45.25	3.20
45.27	3.24
45.29	3.27
45.32	3.24
45.34	3.26
45.37	3.31
45.39	3.26
45.42	3.25
45.44	3.30
45.47	3.29
45.49	3.27
45.51	3.32
45.54	3.34
45.56	3.32
45.59	3.34
45.61	3.37
45.64	3.35
45.66	3.35
45.68	3.40
45.71	3.39
45.73	3.38
45.76	3.44
45.78	3.45
45.81	3.42
45.83	3.45
45.86	3.48
45.88	3.45
45.90	3.47
45.93	3.51
45.95	3.49
45.98	3.48
46.00	3.53
46.03	3.53
46.05	3.51
46.08	3.56
46.10	3.55
46.12	3.53
46.15	3.61
46.17	3.60
46.20	3.56
46.22	3.61
46.25	3.64
46.27	3.59
46.30	3.62
46.32	3.68
46.34	3.63
46.37	3.62
46.39	3.69
46.42	3.67
46.44	3.64
46.47	3.71
46.49	3.72
46.52	3.67
46.54	3.71
46.56	3.76
46.59	3.71
46.61	3.72
46.64	3.79
46.66	3.76
46.69	3.73
46.71	3.81
46.73	3.79
46.76	3.78
46.78	3.82
46.81	3.81
46.83	3.80
46.86	3.84
46.88	3.85
46.91	3.82
46.93	3.86
46.95	3.89
46.98	3.86
47.00	3.87
47.03	3.92
47.05	3.89
47.08	3.88
47.10	3.93
47.13	3.91
47.15	3.90
47.17	3.94
47.20	3.96
47.22	3.93
47.25	3.96
47.27	3.99
47.30	3.96
47.32	3.96
47.35	4.01
47.37	3.99
47.39	3.98
47.42	4.03
47.44	4.03
47.47	4.00
47.49	4.04
47.52	4.06
47.54	4.03
47.57	4.04
47.59	4.09
47.61	4.05
47.64	4.05
47.66	4.10
47.69	4.09
47.71	4.07
47.74	4.12
47.76	4.13
47.78	4.10
47.81	4.13
47.83	4.15
47.86	4.12
47.88	4.12
47.91	4.17
47.93	4.15
47.96	4.14
47.98	4.19
48.00	4.19
48.03	4.15
48.05	4.19
48.08	4.20
48.10	4.17
48.13	4.19
48.15	4.23
48.18	4.20
48.20	4.21
48.22	4.25
48.25	4.24
48.27	4.22
48.30	4.26
48.32	4.27
48.35	4.23
48.37	4.25
48.40	4.28
48.42	4.24
48.44	4.24
48.47	4.28
48.49	4.26
48.52	4.24
48.54	4.30
48.57	4.24
48.59	4.24
48.62	4.29
48.64	4.26
48.66	4.22
48.69	4.29
48.71	4.27
48.74	4.22
48.76	4.25
48.79	4.29
48.81	4.21
48.84	4.23
48.86	4.26
48.88	4.21
48.91	4.18
48.93	4.24
48.96	4.21
48.98	4.15
49.01	4.20
49.03	4.20
49.05	4.14
49.08	4.16
49.10	4.20
49.13	4.13
49.15	4.12
49.18	4.17
49.20	4.12
49.23	4.12
49.25	4.15
49.27	4.10
49.30	4.08
49.32	4.11
49.35	4.09
49.37	4.06
49.40	4.08
49.42	4.08
49.45	4.03
49.47	4.04
49.49	4.05
49.52	4.00
49.54	3.99
49.57	4.03
49.59	3.99
49.62	3.96
49.64	3.99
49.67	3.97
49.69	3.93
49.71	3.95
49.74	3.95
49.76	3.90
49.79	3.91
49.81	3.93
49.84	3.88
49.86	3.82
49.89	3.86
49.91	3.83
49.93	3.79
49.96	3.81
49.98	3.80
50.01	3.75
50.03	3.76
50.06	3.77
50.08	3.73
50.10	3.71
50.13	3.74
50.15	3.70
50.18	3.67
50.20	3.69
50.23	3.67
50.25	3.61
50.28	3.64
50.30	3.63
50.32	3.58
50.35	3.58
50.37	3.60
50.40	3.55
50.42	3.52
50.45	3.55
50.47	3.52
50.50	3.48
50.52	3.53
50.54	3.52
50.57	3.46
50.59	3.47
50.62	3.47
50.64	3.42
50.67	3.40
50.69	3.43
50.72	3.39
50.74	3.35
50.76	3.37
50.79	3.35
50.81	3.30
50.84	3.32
50.86	3.31
50.89	3.26
50.91	3.26
50.94	3.27
50.96	3.21
50.98	3.21
51.01	3.23
51.03	3.15
51.06	3.15
51.08	3.18
51.11	3.12
51.13	3.08
51.15	3.13
51.18	3.08
51.20	3.02
51.23	3.05
51.25	3.05
51.28	2.98
51.30	2.99
51.33	3.02
51.35	2.94
51.37	2.92
51.40	2.96
51.42	2.91
51.45	2.85
51.47	2.90
51.50	2.87
51.52	2.80
51.55	2.82
51.57	2.83
51.59	2.75
51.62	2.76
51.64	2.76
51.67	2.71
51.69	2.72
51.72	2.72
51.74	2.66
51.77	2.65
51.79	2.68
51.81	2.63
51.84	2.60
51.86	2.62
51.89	2.59
51.91	2.54
51.94	2.56
51.96	2.55
51.99	2.51
52.01	2.50
52.03	2.51
52.06	2.46
52.08	2.43
52.11	2.46
52.13	2.42
52.16	2.37
52.18	2.40
52.20	2.38
52.23	2.32
52.25	2.33
52.28	2.33
52.30	2.28
52.33	2.27
52.35	2.29
52.38	2.24
52.40	2.21
52.42	2.20
52.45	2.18
52.47	2.13
52.50	2.15
52.52	2.14
52.55	2.09
52.57	2.09
52.60	2.10
52.62	2.04
52.64	2.01
52.67	2.03
52.69	2.00
52.72	1.97
52.74	1.99
52.77	1.98
52.79	1.92
52.82	1.93
52.84	1.93
52.86	1.87
52.89	1.87
52.91	1.89
52.94	1.84
52.96	1.81
52.99	1.84
53.01	1.81
53.04	1.76
53.06	1.78
53.08	1.81
53.11	1.75
53.13	1.75
53.16	1.76
53.18	1.71
53.21	1.69
53.23	1.72
53.26	1.68
53.28	1.64
53.30	1.67
53.33	1.65
53.35	1.59
53.38	1.57
53.40	1.58
53.43	1.50
53.45	1.54
53.47	1.53
53.50	1.46
53.52	1.48
53.55	1.50
53.57	1.43
53.60	1.42
53.62	1.46
53.65	1.40
53.67	1.35
53.69	1.41
53.72	1.38
53.74	1.31
53.77	1.34
53.79	1.35
53.82	1.27
53.84	1.28
53.87	1.31
53.89	1.24
53.91	1.21
53.94	1.26
53.96	1.21
53.99	1.16
54.01	1.20
54.04	1.22
54.06	1.14
54.09	1.18
54.11	1.16
54.13	1.11
54.16	1.13
54.18	1.13
54.21	1.08
54.23	1.08
54.26	1.09
54.28	1.03
54.31	1.01
54.33	1.04
54.35	1.01
54.38	0.97
54.40	0.99
54.43	0.98
54.45	0.93
54.48	0.94
54.50	0.95
54.52	0.89
54.55	0.89
54.57	0.91
54.60	0.86
54.62	0.84
54.65	0.87
54.67	0.84
54.70	0.81
54.72	0.84
54.74	0.83
54.77	0.78
54.79	0.78
54.82	0.80
54.84	0.75
54.87	0.73
54.89	0.76
54.92	0.72
54.94	0.71
54.96	0.73
54.99	0.72
55.01	0.68
55.04	0.68
55.06	0.70
55.09	0.64
55.11	0.65
55.14	0.67
55.16	0.63
55.18	0.61
55.21	0.64
55.23	0.62
55.26	0.59
55.28	0.61
55.31	0.61
55.33	0.57
55.36	0.57
55.38	0.58
55.40	0.53
55.43	0.53
55.45	0.56
55.48	0.52
55.50	0.51
55.53	0.53
55.55	0.53
55.57	0.50
55.60	0.50
55.62	0.51
55.65	0.47
55.67	0.47
55.70	0.50
55.72	0.45
55.75	0.45
55.77	0.47
55.79	0.45
55.82	0.43
55.84	0.45
55.87	0.42
55.89	0.39
55.92	0.43
55.94	0.41
55.97	0.36
55.99	0.40
56.01	0.41
56.04	0.36
56.06	0.38
56.09	0.41
56.11	0.38
56.14	0.36
56.16	0.39
56.19	0.36
56.21	0.33
56.23	0.37
56.26	0.36
56.28	0.32
56.31	0.35
56.33	0.37
56.36	0.33
56.38	0.34
56.41	0.37
56.43	0.35
56.45	0.32
56.48	0.36
56.50	0.34
56.53	0.34
56.55	0.37
56.58	0.35
56.60	0.35
56.62	0.37
56.65	0.36
56.67	0.35
56.70	0.36
56.72	0.38
56.75	0.35
56.77	0.35
56.80	0.39
56.82	0.36
56.84	0.36
56.87	0.39
56.89	0.39
56.92	0.39
56.94	0.41
56.97	0.42
56.99	0.40
57.02	0.41
57.04	0.44
57.06	0.41
57.09	0.41
57.11	0.46
57.14	0.44
57.16	0.44
57.19	0.47
57.21	0.48
57.24	0.46
57.26	0.48
57.28	0.50
57.31	0.48
57.33	0.48
57.36	0.52
57.38	0.49
57.41	0.49
57.43	0.53
57.46	0.53
57.48	0.53
57.50	0.56
57.53	0.58
57.55	0.55
57.58	0.56
57.60	0.60
57.63	0.57
57.65	0.57
57.68	0.61
57.70	0.59
57.72	0.59
57.75	0.63
57.77	0.64
57.80	0.61
57.82	0.64
57.85	0.67
57.87	0.64
57.89	0.64
57.92	0.69
57.94	0.66
57.97	0.66
57.99	0.71
58.02	0.70
58.04	0.69
58.07	0.73
58.09	0.75
58.11	0.71
58.14	0.73
58.16	0.76
58.19	0.73
58.21	0.74
58.24	0.80
58.26	0.78
58.29	0.77
58.31	0.84
58.33	0.80
58.36	0.81
58.38	0.87
58.41	0.85
58.43	0.82
58.46	0.90
58.48	0.90
58.51	0.86
58.53	0.91
58.55	0.96
58.58	0.91
58.60	0.94
58.63	1.01
58.65	0.98
58.68	0.96
58.70	1.04
58.73	1.04
58.75	1.01
58.77	1.08
58.80	1.11
58.82	1.05
58.85	1.09
58.87	1.15
58.90	1.10
58.92	1.12
58.94	1.20
58.97	1.17
58.99	1.20
59.02	1.25
59.04	1.24
59.07	1.24
59.09	1.30
59.12	1.30
59.14	1.29
59.16	1.35
59.19	1.37
59.21	1.35
59.24	1.40
59.26	1.44
59.29	1.42
59.31	1.44
59.34	1.50
59.36	1.49
59.38	1.49
59.41	1.55
59.43	1.56
59.46	1.55
59.48	1.62
59.51	1.65
59.53	1.63
59.56	1.67
59.58	1.71
59.60	1.69
59.63	1.70
59.65	1.76
59.68	1.76
59.70	1.75
59.73	1.81
59.75	1.83
59.78	1.81
59.80	1.85
59.82	1.89
59.85	1.87
59.87	1.89
59.90	1.95
59.92	1.94
59.95	1.94
59.97	2.00
59.99	2.01
60.02	1.99
60.04	2.04
60.07	2.07
60.09	2.05
60.12	2.08
60.14	2.13
60.17	2.11
60.19	2.12
60.21	2.17
60.24	2.17
60.26	2.17
60.29	2.23
60.31	2.24
60.34	2.22
60.36	2.26
60.39	2.30
60.41	2.28
60.43	2.31
60.46	2.37
60.48	2.36
60.51	2.36
60.53	2.42
60.56	2.43
60.58	2.41
60.61	2.47
60.63	2.50
60.65	2.48
60.68	2.52
60.70	2.57
60.73	2.55
60.75	2.59
60.78	2.64
60.80	2.58
60.83	2.62
60.85	2.69
60.87	2.66
60.90	2.67
60.92	2.75
60.95	2.74
60.97	2.72
61.00	2.79
61.02	2.82
61.05	2.78
61.07	2.83
61.09	2.89
61.12	2.85
61.14	2.88
61.17	2.95
61.19	2.93
61.22	2.92
61.24	3.00
61.26	3.00
61.29	2.97
61.31	3.03
61.34	3.08
61.36	3.03
61.39	3.08
61.41	3.12
61.44	3.09
61.46	3.15
61.48	3.18
61.51	3.16
61.53	3.19
61.56	3.25
61.58	3.23
61.61	3.24
61.63	3.29
61.66	3.30
61.68	3.29
61.70	3.35
61.73	3.37
61.75	3.35
61.78	3.39
61.80	3.43
61.83	3.41
61.85	3.44
61.88	3.50
61.90	3.49
61.92	3.49
61.95	3.55
61.97	3.56
62.00	3.54
62.02	3.58
62.05	3.62
62.07	3.60
62.10	3.63
62.12	3.68
62.14	3.67
62.17	3.68
62.19	3.74
62.22	3.74
62.24	3.73
62.27	3.79
62.29	3.81
62.31	3.79
62.34	3.83
62.36	3.87
62.39	3.85
62.41	3.87
62.44	3.93
62.46	3.92
62.49	3.92
62.51	3.97
62.53	3.99
62.56	3.98
62.58	4.03
62.61	4.06
62.63	4.04
62.66	4.07
62.68	4.10
62.71	4.08
62.73	4.08
62.75	4.15
62.78	4.15
62.80	4.14
62.83	4.20
62.85	4.22
62.88	4.21
62.90	4.24
62.93	4.28
62.95	4.26
62.97	4.28
63.00	4.34
63.02	4.33
63.05	4.33
63.07	4.40
63.10	4.41
63.12	4.39
63.15	4.44
63.17	4.47
63.19	4.43
63.22	4.49
63.24	4.50
63.27	4.46
63.29	4.51
63.32	4.57
63.34	4.55
63.36	4.59
63.39	4.66
63.41	4.62
63.44	4.62
63.46	4.70
63.49	4.69
63.51	4.66
63.54	4.73
63.56	4.76
63.58	4.72
63.61	4.76
63.63	4.83
63.66	4.78
63.68	4.80
63.71	4.88
63.73	4.86
63.76	4.84
63.78	4.92
63.80	4.93
63.83	4.89
63.85	4.97
63.88	4.99
63.90	4.98
63.93	5.03
63.95	5.05
63.98	5.03
64.00	5.07
64.02	5.11
64.05	5.09
64.07	5.11
64.10	5.17
64.12	5.16
64.15	5.16
64.17	5.22
64.20	5.22
64.22	5.21
64.24	5.26
64.27	5.29
64.29	5.28
64.32	5.31
64.34	5.35
64.37	5.33
64.39	5.34
64.41	5.39
64.44	5.39
64.46	5.39
64.49	5.44
64.51	5.46
64.54	5.43
64.56	5.47
64.59	5.51
64.61	5.49
64.63	5.50
64.66	5.56
64.68	5.54
64.71	5.55
64.73	5.60
64.76	5.60
64.78	5.59
64.81	5.64
64.83	5.66
64.85	5.63
64.88	5.66
64.90	5.70
64.93	5.68
64.95	5.68
64.98	5.74
65.00	5.73
65.03	5.72
65.05	5.77
65.07	5.78
65.10	5.75
65.12	5.78
65.15	5.81
65.17	5.78
65.20	5.80
65.22	5.85
65.25	5.83
65.27	5.83
65.29	5.88
65.32	5.87
65.34	5.85
65.37	5.89
65.39	5.91
65.42	5.88
65.44	5.91
65.47	5.94
65.49	5.91
65.51	5.91
65.54	5.96
65.56	5.95
65.59	5.93
65.61	5.98
65.64	5.95
65.66	5.94
65.68	6.01
65.71	5.99
65.73	5.96
65.76	6.02
65.78	6.03
65.81	5.98
65.83	6.01
65.86	6.06
65.88	6.00
65.90	6.02
65.93	6.08
65.95	6.05
65.98	6.02
66.00	6.09
66.03	6.07
66.05	6.03
66.08	6.08
66.10	6.11
66.12	6.04
66.15	6.07
66.17	6.13
66.20	6.07
66.22	6.06
66.25	6.13
66.27	6.10
66.30	6.10
66.32	6.13
66.34	6.09
66.37	6.09
66.39	6.13
66.42	6.11
66.44	6.09
66.47	6.12
66.49	6.14
66.52	6.10
66.54	6.12
66.56	6.14
66.59	6.10
66.61	6.10
66.64	6.14
66.66	6.12
66.69	6.07
66.71	6.11
66.73	6.10
66.76	6.06
66.78	6.10
66.81	6.11
66.83	6.07
66.86	6.08
66.88	6.12
66.91	6.08
66.93	6.06
66.95	6.10
66.98	6.08
67.00	6.06
67.03	6.09
67.05	6.09
67.08	6.04
67.10	6.06
67.13	6.08
67.15	6.04
67.17	6.03
67.20	6.07
67.22	6.04
67.25	6.01
67.27	6.05
67.30	6.04
67.32	5.99
67.35	6.05
67.37	6.06
67.39	6.02
67.42	6.02
67.44	6.05
67.47	6.01
67.49	5.99
67.52	6.02
67.54	5.99
67.57	5.96
67.59	5.99
67.61	5.99
67.64	5.94
67.66	5.96
67.69	5.97
67.71	5.93
67.74	5.92
67.76	5.95
67.78	5.91
67.81	5.89
67.83	5.92
67.86	5.90
67.88	5.86
67.91	5.88
67.93	5.89
67.96	5.84
67.98	5.85
68.00	5.87
68.03	5.82
68.05	5.79
68.08	5.83
68.10	5.76
68.13	5.77
68.15	5.81
68.18	5.75
68.20	5.71
68.22	5.77
68.25	5.73
68.27	5.68
68.30	5.72
68.32	5.72
68.35	5.65
68.37	5.66
68.40	5.70
68.42	5.63
68.44	5.62
68.47	5.67
68.49	5.63
68.52	5.57
68.54	5.63
68.57	5.61
68.59	5.54
68.62	5.57
68.64	5.59
68.66	5.51
68.69	5.52
68.71	5.56
68.74	5.50
68.76	5.51
68.79	5.52
68.81	5.47
68.83	5.46
68.86	5.50
68.88	5.45
68.91	5.43
68.93	5.45
68.96	5.43
68.98	5.38
69.01	5.40
69.03	5.40
69.05	5.35
69.08	5.35
69.10	5.37
69.13	5.32
69.15	5.29
69.18	5.32
69.20	5.28
69.23	5.25
69.25	5.24
69.27	5.23
69.30	5.17
69.32	5.18
69.35	5.19
69.37	5.14
69.40	5.13
69.42	5.15
69.45	5.10
69.47	5.06
69.49	5.09
69.52	5.06
69.54	5.01
69.57	5.04
69.59	5.03
69.62	4.98
69.64	4.98
69.67	4.99
69.69	4.94
69.71	4.91
69.74	4.94
69.76	4.91
69.79	4.87
69.81	4.89
69.84	4.87
69.86	4.81
69.89	4.83
69.91	4.86
69.93	4.81
69.96	4.79
69.98	4.81
70.01	4.77
70.03	4.74
70.06	4.76
70.08	4.73
70.10	4.69
70.13	4.71
70.15	4.70
70.18	4.64
70.20	4.65
70.23	4.65
70.25	4.60
70.28	4.58
70.30	4.60
70.32	4.57
70.35	4.53
70.37	4.55
70.40	4.53
70.42	4.47
70.45	4.48
70.47	4.48
70.50	4.43
70.52	4.46
70.54	4.44
70.57	4.36
70.59	4.37
70.62	4.40
70.64	4.32
70.67	4.31
70.69	4.35
70.72	4.29
70.74	4.24
70.76	4.28
70.79	4.25
70.81	4.18
70.84	4.22
70.86	4.22
70.89	4.13
70.91	4.14
70.94	4.17
70.96	4.09
70.98	4.07
71.01	4.11
71.03	4.04
71.06	3.97
71.08	4.02
71.11	3.99
71.13	3.92
71.15	3.93
71.18	3.92
71.20	3.88
71.23	3.90
71.25	3.89
71.28	3.83
71.30	3.83
71.33	3.84
71.35	3.78
71.37	3.75
71.40	3.78
71.42	3.73
71.45	3.69
71.47	3.72
71.50	3.69
71.52	3.64
71.55	3.65
71.57	3.65
71.59	3.59
71.62	3.58
71.64	3.60
71.67	3.54
71.69	3.54
71.72	3.57
71.74	3.53
71.77	3.49
71.79	3.51
71.81	3.50
71.84	3.44
71.86	3.43
71.89	3.44
71.91	3.39
71.94	3.37
71.96	3.39
71.99	3.35
72.01	3.31
72.03	3.34
72.06	3.31
72.08	3.25
72.11	3.27
72.13	3.26
72.16	3.21
72.18	3.20
72.20	3.21
72.23	3.16
72.25	3.13
72.28	3.15
72.30	3.12
72.33	3.08
72.35	3.09
72.38	3.08
72.40	3.02
72.42	3.03
72.45	3.03
72.47	2.97
72.50	2.96
72.52	2.98
72.55	2.93
72.57	2.89
72.60	2.91
72.62	2.89
72.64	2.83
72.67	2.85
72.69	2.85
72.72	2.79
72.74	2.80
72.77	2.81
72.79	2.75
72.82	2.73
72.84	2.75
72.86	2.72
72.89	2.68
72.91	2.70
72.94	2.69
72.96	2.63
72.99	2.68
73.01	2.64
73.04	2.58
73.06	2.63
73.08	2.62
73.11	2.55
73.13	2.57
73.16	2.60
73.18	2.53
73.21	2.52
73.23	2.57
73.25	2.54
73.28	2.48
73.30	2.54
73.33	2.51
73.35	2.45
73.38	2.49
73.40	2.51
73.43	2.44
73.45	2.46
73.47	2.50
73.50	2.44
73.52	2.42
73.55	2.48
73.57	2.44
73.60	2.39
73.62	2.45
73.65	2.41
73.67	2.40
73.69	2.43
73.72	2.42
73.74	2.38
73.77	2.41
73.79	2.42
73.82	2.38
73.84	2.39
73.87	2.41
73.89	2.37
73.91	2.36
73.94	2.41
73.96	2.38
73.99	2.36
74.01	2.39
74.04	2.39
74.06	2.34
74.09	2.37
74.11	2.38
74.13	2.34
74.16	2.35
74.18	2.39
74.21	2.35
74.23	2.33
74.26	2.37
74.28	2.35
74.31	2.32
74.33	2.36
74.35	2.37
74.38	2.32
74.40	2.34
74.43	2.36
74.45	2.32
74.48	2.31
74.50	2.35
74.52	2.32
74.55	2.30
74.57	2.33
74.60	2.33
74.62	2.28
74.65	2.31
74.67	2.33
74.70	2.28
74.72	2.29
74.74	2.32
74.77	2.28
74.79	2.27
74.82	2.32
74.84	2.30
74.87	2.27
74.89	2.31
74.92	2.31
74.94	2.27
74.96	2.29
74.99	2.31
75.01	2.27
75.04	2.28
75.06	2.32
75.09	2.30
75.11	2.28
75.14	2.32
75.16	2.33
75.18	2.29
75.21	2.33
75.23	2.35
75.26	2.32
75.28	2.34
75.31	2.38
75.33	2.35
75.36	2.35
75.38	2.40
75.40	2.36
75.43	2.39
75.45	2.45
75.48	2.41
75.50	2.39
75.53	2.47
75.55	2.46
75.57	2.42
75.60	2.48
75.62	2.51
75.65	2.46
75.67	2.50
75.70	2.54
75.72	2.50
75.75	2.52
75.77	2.59
75.79	2.57
75.82	2.54
75.84	2.62
75.87	2.62
75.89	2.58
75.92	2.63
75.94	2.67
75.97	2.62
75.99	2.65
76.01	2.71
76.04	2.68
76.06	2.70
76.09	2.73
76.11	2.70
76.14	2.72
76.16	2.77
76.19	2.75
76.21	2.74
76.23	2.80
76.26	2.80
76.28	2.78
76.31	2.84
76.33	2.86
76.36	2.84
76.38	2.86
76.41	2.90
76.43	2.88
76.45	2.88
76.48	2.94
76.50	2.93
76.53	2.92
76.55	2.97
76.58	2.99
76.60	2.96
76.62	3.00
76.65	3.03
76.67	3.01
76.70	3.03
76.72	3.08
76.75	3.07
76.77	3.07
76.80	3.13
76.82	3.13
76.84	3.12
76.87	3.17
76.89	3.19
76.92	3.17
76.94	3.20
76.97	3.24
76.99	3.22
77.02	3.24
77.04	3.29
77.06	3.29
77.09	3.29
77.11	3.34
77.14	3.35
77.16	3.33
77.19	3.38
77.21	3.42
77.24	3.40
77.26	3.44
77.28	3.49
77.31	3.47
77.33	3.48
77.36	3.54
77.38	3.55
77.41	3.53
77.43	3.59
77.46	3.62
77.48	3.60
77.50	3.64
77.53	3.68
77.55	3.67
77.58	3.69
77.60	3.75
77.63	3.75
77.65	3.75
77.68	3.81
77.70	3.83
77.72	3.82
77.75	3.87
77.77	3.91
77.80	3.90
77.82	3.93
77.85	3.98
77.87	3.95
77.89	4.01
77.92	4.07
77.94	4.03
77.97	4.07
77.99	4.14
78.02	4.13
78.04	4.13
78.07	4.22
78.09	4.22
78.11	4.19
78.14	4.27
78.16	4.31
78.19	4.28
78.21	4.33
78.24	4.39
78.26	4.36
78.29	4.39
78.31	4.47
78.33	4.47
78.36	4.46
78.38	4.55
78.41	4.56
78.43	4.53
78.46	4.59
78.48	4.65
78.51	4.62
78.53	4.69
78.55	4.71
78.58	4.69
78.60	4.74
78.63	4.79
78.65	4.78
78.68	4.81
78.70	4.88
78.73	4.88
78.75	4.89
78.77	4.95
78.80	4.97
78.82	4.96
78.85	5.03
78.87	5.07
78.90	5.06
78.92	5.10
78.94	5.15
78.97	5.15
78.99	5.17
79.02	5.23
79.04	5.24
79.07	5.25
79.09	5.31
79.12	5.34
79.14	5.33
79.16	5.39
79.19	5.44
79.21	5.44
79.24	5.47
79.26	5.54
79.29	5.54
79.31	5.55
79.34	5.62
79.36	5.64
79.38	5.64
79.41	5.70
79.43	5.75
79.46	5.74
79.48	5.79
79.51	5.84
79.53	5.83
79.56	5.86
79.58	5.93
79.60	5.95
79.63	5.96
79.65	6.02
79.68	6.06
79.70	6.04
79.73	6.10
79.75	6.15
79.78	6.15
79.80	6.19
79.82	6.25
79.85	6.25
79.87	6.28
79.90	6.35
79.92	6.37
79.95	6.37
79.97	6.44
79.99	6.48
80.02	6.47
80.04	6.52
80.07	6.57
80.09	6.57
80.12	6.60
80.14	6.68
80.17	6.69
80.19	6.70
80.21	6.77
80.24	6.80
80.26	6.79
80.29	6.87
80.31	6.88
80.34	6.88
80.36	6.97
80.39	7.00
80.41	6.98
80.43	7.05
80.46	7.12
80.48	7.10
80.51	7.14
80.53	7.22
80.56	7.22
80.58	7.23
80.61	7.32
80.63	7.34
80.65	7.33
80.68	7.41
80.70	7.46
80.73	7.44
80.75	7.50
80.78	7.57
80.80	7.55
80.83	7.58
80.85	7.67
80.87	7.68
80.90	7.68
80.92	7.78
80.95	7.79
80.97	7.81
81.00	7.89
81.02	7.90
81.04	7.91
81.07	7.99
81.09	8.03
81.12	8.02
81.14	8.08
81.17	8.13
81.19	8.13
81.22	8.17
81.24	8.24
81.26	8.24
81.29	8.26
81.31	8.34
81.34	8.36
81.36	8.37
81.39	8.44
81.41	8.49
81.44	8.48
81.46	8.53
81.48	8.60
81.51	8.60
81.53	8.62
81.56	8.70
81.58	8.71
81.61	8.72
81.63	8.79
81.66	8.83
81.68	8.82
81.70	8.88
81.73	8.93
81.75	8.93
81.78	8.97
81.80	9.05
81.83	9.05
81.85	9.07
81.88	9.14
81.90	9.17
81.92	9.17
81.95	9.23
81.97	9.27
82.00	9.27
82.02	9.32
82.05	9.38
82.07	9.37
82.10	9.40
82.12	9.47
82.14	9.48
82.17	9.49
82.19	9.56
82.22	9.59
82.24	9.58
82.27	9.64
82.29	9.69
82.31	9.69
82.34	9.73
82.36	9.79
82.39	9.79
82.41	9.81
82.44	9.87
82.46	9.89
82.49	9.89
82.51	9.96
82.53	9.99
82.56	9.99
82.58	10.03
82.61	10.09
82.63	10.08
82.66	10.10
82.68	10.17
82.71	10.18
82.73	10.20
82.75	10.27
82.78	10.24
82.80	10.26
82.83	10.35
82.85	10.35
82.88	10.34
82.90	10.43
82.93	10.45
82.95	10.42
82.97	10.48
83.00	10.52
83.02	10.49
83.05	10.53
83.07	10.61
83.10	10.59
83.12	10.59
83.15	10.68
83.17	10.69
83.19	10.67
83.22	10.74
83.24	10.78
83.27	10.75
83.29	10.80
83.32	10.87
83.34	10.84
83.36	10.86
83.39	10.93
83.41	10.92
83.44	10.96
83.46	11.02
83.49	11.01
83.51	11.02
83.54	11.09
83.56	11.09
83.58	11.09
83.61	11.15
83.63	11.17
83.66	11.18
83.68	11.23
83.71	11.27
83.73	11.26
83.76	11.28
83.78	11.34
83.80	11.34
83.83	11.35
83.85	11.40
83.88	11.41
83.90	11.40
83.93	11.46
83.95	11.49
83.98	11.47
84.00	11.51
84.02	11.55
84.05	11.53
84.07	11.54
84.10	11.60
84.12	11.60
84.15	11.59
84.17	11.64
84.20	11.66
84.22	11.64
84.24	11.68
84.27	11.72
84.29	11.72
84.32	11.74
84.34	11.80
84.37	11.77
84.39	11.78
84.41	11.83
84.44	11.83
84.46	11.82
84.49	11.86
84.51	11.89
84.54	11.86
84.56	11.89
84.59	11.93
84.61	11.91
84.63	11.91
84.66	11.97
84.68	11.97
84.71	11.96
84.73	12.01
84.76	12.02
84.78	11.99
84.81	12.03
84.83	12.06
84.85	12.03
84.88	12.06
84.90	12.11
84.93	12.09
84.95	12.06
84.98	12.11
85.00	12.11
85.03	12.10
85.05	12.14
85.07	12.16
85.10	12.13
85.12	12.16
85.15	12.19
85.17	12.15
85.20	12.20
85.22	12.24
85.25	12.19
85.27	12.22
85.29	12.27
85.32	12.23
85.34	12.23
85.37	12.29
85.39	12.28
85.42	12.25
85.44	12.32
85.47	12.32
85.49	12.28
85.51	12.31
85.54	12.36
85.56	12.30
85.59	12.32
85.61	12.38
85.64	12.34
85.66	12.32
85.68	12.39
85.71	12.37
85.73	12.34
85.76	12.39
85.78	12.41
85.81	12.35
85.83	12.40
85.86	12.40
85.88	12.37
85.90	12.40
85.93	12.42
85.95	12.39
85.98	12.40
86.00	12.43
86.03	12.40
86.05	12.38
86.08	12.42
86.10	12.41
86.12	12.39
86.15	12.42
86.17	12.43
86.20	12.39
86.22	12.42
86.25	12.44
86.27	12.40
86.30	12.40
86.32	12.44
86.34	12.41
86.37	12.39
86.39	12.43
86.42	12.42
86.44	12.38
86.47	12.42
86.49	12.42
86.52	12.39
86.54	12.40
86.56	12.43
86.59	12.39
86.61	12.38
86.64	12.42
86.66	12.40
86.69	12.37
86.71	12.41
86.73	12.41
86.76	12.36
86.78	12.38
86.81	12.40
86.83	12.35
86.86	12.35
86.88	12.38
86.91	12.35
86.93	12.33
86.95	12.36
86.98	12.34
87.00	12.31
87.03	12.34
87.05	12.34
87.08	12.30
87.10	12.31
87.13	12.32
87.15	12.28
87.17	12.27
87.20	12.30
87.22	12.27
87.25	12.24
87.27	12.27
87.30	12.26
87.32	12.22
87.35	12.24
87.37	12.25
87.39	12.20
87.42	12.20
87.44	12.23
87.47	12.18
87.49	12.16
87.52	12.19
87.54	12.17
87.57	12.13
87.59	12.15
87.61	12.13
87.64	12.09
87.66	12.14
87.69	12.11
87.71	12.04
87.74	12.08
87.76	12.09
87.78	12.02
87.81	12.04
87.83	12.07
87.86	12.00
87.88	11.98
87.91	12.02
87.93	11.99
87.96	11.93
87.98	11.97
88.00	11.96
88.03	11.89
88.05	11.91
88.08	11.92
88.10	11.85
88.13	11.85
88.15	11.89
88.18	11.83
88.20	11.79
88.22	11.84
88.25	11.80
88.27	11.77
88.30	11.79
88.32	11.75
88.35	11.72
88.37	11.74
88.40	11.72
88.42	11.66
88.44	11.68
88.47	11.68
88.49	11.62
88.52	11.63
88.54	11.64
88.57	11.59
88.59	11.56
88.62	11.58
88.64	11.55
88.66	11.50
88.69	11.51
88.71	11.50
88.74	11.44
88.76	11.45
88.79	11.45
88.81	11.40
88.83	11.38
88.86	11.40
88.88	11.35
88.91	11.31
88.93	11.33
88.96	11.30
88.98	11.25
89.01	11.26
89.03	11.25
89.05	11.20
89.08	11.20
89.10	11.20
89.13	11.14
89.15	11.11
89.18	11.13
89.20	11.09
89.23	11.06
89.25	11.07
89.27	11.06
89.30	10.99
89.32	11.00
89.35	11.00
89.37	10.95
89.40	10.93
89.42	10.95
89.45	10.89
89.47	10.86
89.49	10.88
89.52	10.85
89.54	10.80
89.57	10.81
89.59	10.80
89.62	10.75
89.64	10.75
89.67	10.75
89.69	10.70
89.71	10.67
89.74	10.70
89.76	10.66
89.79	10.62
89.81	10.64
89.84	10.62
89.86	10.57
89.89	10.58
89.91	10.58
89.93	10.53
89.96	10.52
89.98	10.54
90.01	10.48
90.03	10.45
90.06	10.49
90.08	10.41
90.10	10.41
90.13	10.45
90.15	10.39
90.18	10.35
90.20	10.40
90.23	10.37
90.25	10.31
90.28	10.34
90.30	10.34
90.32	10.27
90.35	10.28
90.37	10.31
90.40	10.24
90.42	10.22
90.45	10.26
90.47	10.22
90.50	10.17
90.52	10.21
90.54	10.20
90.57	10.13
90.59	10.14
90.62	10.16
90.64	10.09
90.67	10.09
90.69	10.13
90.72	10.06
90.74	10.07
90.76	10.08
90.79	10.03
90.81	10.01
90.84	10.04
90.86	9.99
90.89	9.96
90.91	9.98
90.94	9.96
90.96	9.91
90.98	9.93
91.01	9.93
91.03	9.88
91.06	9.88
91.08	9.88
91.11	9.83
91.13	9.80
91.15	9.83
91.18	9.80
91.20	9.76
91.23	9.78
91.25	9.77
91.28	9.70
91.30	9.71
91.33	9.71
91.35	9.66
91.37	9.64
91.40	9.67
91.42	9.62
91.45	9.59
91.47	9.62
91.50	9.59
91.52	9.55
91.55	9.57
91.57	9.57
91.59	9.51
91.62	9.52
91.64	9.53
91.67	9.49
91.69	9.46
91.72	9.49
91.74	9.46
91.77	9.43
91.79	9.46
91.81	9.44
91.84	9.39
91.86	9.41
91.89	9.43
91.91	9.39
91.94	9.39
91.96	9.42
91.99	9.38
92.01	9.36
92.03	9.39
92.06	9.38
92.08	9.34
92.11	9.37
92.13	9.38
92.16	9.34
92.18	9.35
92.20	9.37
92.23	9.33
92.25	9.33
92.28	9.37
92.30	9.34
92.33	9.32
92.35	9.36
92.38	9.35
92.40	9.31
92.42	9.34
92.45	9.36
92.47	9.32
92.50	9.36
92.52	9.36
92.55	9.30
92.57	9.33
92.60	9.37
92.62	9.31
92.64	9.32
92.67	9.37
92.69	9.33
92.72	9.30
92.74	9.36
92.77	9.34
92.79	9.29
92.82	9.33
92.84	9.35
92.86	9.29
92.89	9.31
92.91	9.36
92.94	9.30
92.96	9.29
92.99	9.35
93.01	9.31
93.04	9.27
93.06	9.33
93.08	9.32
93.11	9.27
93.13	9.30
93.16	9.30
93.18	9.27
93.21	9.30
93.23	9.31
93.25	9.26
93.28	9.29
93.30	9.31
93.33	9.27
93.35	9.27
93.38	9.31
93.40	9.28
93.43	9.27
93.45	9.31
93.47	9.30
93.50	9.26
93.52	9.30
93.55	9.32
93.57	9.28
93.60	9.30
93.62	9.33
93.65	9.30
93.67	9.29
93.69	9.34
93.72	9.33
93.74	9.31
93.77	9.35
93.79	9.36
93.82	9.33
93.84	9.36
93.87	9.39
93.89	9.36
93.91	9.37
93.94	9.42
93.96	9.40
93.99	9.39
94.01	9.44
94.04	9.45
94.06	9.43
94.09	9.48
94.11	9.50
94.13	9.47
94.16	9.50
94.18	9.53
94.21	9.51
94.23	9.51
94.26	9.57
94.28	9.56
94.31	9.55
94.33	9.60
94.35	9.62
94.38	9.59
94.40	9.63
94.43	9.66
94.45	9.64
94.48	9.66
94.50	9.71
94.52	9.69
94.55	9.69
94.57	9.75
94.60	9.75
94.62	9.73
94.65	9.78
94.67	9.80
94.70	9.77
94.72	9.80
94.74	9.84
94.77	9.82
94.79	9.83
94.82	9.89
94.84	9.87
94.87	9.87
94.89	9.93
94.92	9.93
94.94	9.92
94.96	9.99
94.99	9.98
95.01	9.95
95.04	10.03
95.06	10.04
95.09	10.00
95.11	10.05
95.14	10.10
95.16	10.06
95.18	10.09
95.21	10.16
95.23	10.13
95.26	10.12
95.28	10.20
95.31	10.20
95.33	10.17
95.36	10.24
95.38	10.28
95.40	10.23
95.43	10.28
95.45	10.35
95.48	10.28
95.50	10.30
95.53	10.38
95.55	10.37
95.57	10.35
95.60	10.42
95.62	10.41
95.65	10.42
95.67	10.48
95.70	10.49
95.72	10.48
95.75	10.55
95.77	10.58
95.79	10.55
95.82	10.60
95.84	10.65
95.87	10.64
95.89	10.66
95.92	10.73
95.94	10.72
95.97	10.74
95.99	10.80
96.01	10.82
96.04	10.81
96.06	10.87
96.09	10.91
96.11	10.89
96.14	10.96
96.16	11.01
96.19	11.00
96.21	11.02
96.23	11.09
96.26	11.10
96.28	11.11
96.31	11.17
96.33	11.20
96.36	11.19
96.38	11.25
96.41	11.29
96.43	11.28
96.45	11.32
96.48	11.39
96.50	11.38
96.53	11.39
96.55	11.46
96.58	11.48
96.60	11.48
96.62	11.54
96.65	11.58
96.67	11.58
96.70	11.62
96.72	11.68
96.75	11.67
96.77	11.70
96.80	11.78
96.82	11.78
96.84	11.79
96.87	11.86
96.89	11.89
96.92	11.89
96.94	11.95
96.97	12.00
96.99	12.00
97.02	12.04
97.04	12.11
97.06	12.11
97.09	12.13
97.11	12.20
97.14	12.22
97.16	12.23
97.19	12.31
97.21	12.35
97.24	12.34
97.26	12.39
97.28	12.45
97.31	12.45
97.33	12.48
97.36	12.56
97.38	12.54
97.41	12.60
97.43	12.68
97.46	12.66
97.48	12.69
97.50	12.79
97.53	12.79
97.55	12.79
97.58	12.89
97.60	12.91
97.63	12.90
97.65	12.97
97.68	13.04
97.70	13.02
97.72	13.08
97.75	13.17
97.77	13.16
97.80	13.16
97.82	13.26
97.85	13.27
97.87	13.27
97.89	13.36
97.92	13.41
97.94	13.39
97.97	13.45
97.99	13.54
98.02	13.52
98.04	13.59
98.07	13.64
98.09	13.64
98.11	13.69
98.14	13.76
98.16	13.76
98.19	13.80
98.21	13.88
98.24	13.90
98.26	13.91
98.29	13.98
98.31	14.02
98.33	14.02
98.36	14.09
98.38	14.15
98.41	14.15
98.43	14.20
98.46	14.28
98.48	14.28
98.51	14.31
98.53	14.39
98.55	14.42
98.58	14.44
98.60	14.51
98.63	14.56
98.65	14.55
98.68	14.61
98.70	14.63
98.73	14.62
98.75	14.67
98.77	14.71
98.80	14.69
98.82	14.72
98.85	14.76
98.87	14.75
98.90	14.76
98.92	14.80
98.94	14.80
98.97	14.79
98.99	14.82
