#U1/V	IA/nA
0.02	0.06
0.04	0.06
0.07	0.07
0.09	0.07
0.12	0.07
0.14	0.08
0.17	0.08
0.19	0.08
0.21	0.09
0.24	0.09
0.26	0.09
0.29	0.09
0.31	0.10
0.34	0.10
0.36	0.10
0.39	0.12
0.41	0.11
0.43	0.11
0.46	0.12
0.48	0.11
0.51	0.11
0.53	0.11
0.56	0.11
0.58	0.11
0.61	0.11
0.63	0.12
0.65	0.11
0.68	0.11
0.70	0.12
0.73	0.11
0.75	0.11
0.78	0.11
0.80	0.11
0.83	0.11
0.85	0.11
0.87	0.11
0.90	0.11
0.92	0.11
0.95	0.12
0.97	0.11
1.00	0.11
1.02	0.12
1.05	0.10
1.07	0.10
1.09	0.10
1.12	0.10
1.14	0.10
1.17	0.10
1.19	0.11
1.22	0.11
1.24	0.11
1.26	0.12
1.29	0.11
1.31	0.11
1.34	0.11
1.36	0.10
1.39	0.10
1.41	0.10
1.44	0.10
1.46	0.10
1.48	0.10
1.51	0.12
1.53	0.10
1.56	0.10
1.58	0.11
1.61	0.10
1.63	0.10
1.66	0.10
1.68	0.10
1.70	0.10
1.73	0.10
1.75	0.11
1.78	0.11
1.80	0.11
1.83	0.12
1.85	0.10
1.88	0.10
1.90	0.11
1.92	0.10
1.95	0.10
1.97	0.10
2.00	0.10
2.02	0.10
2.05	0.10
2.07	0.11
2.10	0.10
2.12	0.10
2.14	0.11
2.17	0.09
2.19	0.09
2.22	0.09
2.24	0.09
2.27	0.09
2.29	0.09
2.31	0.11
2.34	0.10
2.36	0.10
2.39	0.11
2.41	0.10
2.44	0.10
2.46	0.10
2.49	0.10
2.51	0.10
2.53	0.10
2.56	0.10
2.58	0.10
2.61	0.10
2.63	0.12
2.66	0.11
2.68	0.11
2.71	0.11
2.73	0.11
2.75	0.11
2.78	0.11
2.80	0.11
2.83	0.11
2.85	0.11
2.88	0.12
2.90	0.11
2.93	0.11
2.95	0.13
2.97	0.11
3.00	0.11
3.02	0.11
3.05	0.11
3.07	0.11
3.10	0.11
3.12	0.12
3.15	0.11
3.17	0.11
3.19	0.13
3.22	0.12
3.24	0.12
3.27	0.13
3.29	0.11
3.32	0.11
3.34	0.11
3.36	0.11
3.39	0.11
3.41	0.11
3.44	0.13
3.46	0.12
3.49	0.12
3.51	0.13
3.54	0.11
3.56	0.11
3.58	0.11
3.61	0.11
3.63	0.11
3.66	0.11
3.68	0.12
3.71	0.11
3.73	0.11
3.76	0.13
3.78	0.11
3.80	0.11
3.83	0.12
3.85	0.11
3.88	0.11
3.90	0.11
3.93	0.11
3.95	0.11
3.98	0.11
4.00	0.12
4.02	0.11
4.05	0.11
4.07	0.12
4.10	0.11
4.12	0.11
4.15	0.11
4.17	0.11
4.20	0.11
4.22	0.11
4.24	0.12
4.27	0.12
4.29	0.12
4.32	0.13
4.34	0.12
4.37	0.12
4.39	0.12
4.42	0.11
4.44	0.11
4.46	0.11
4.49	0.11
4.51	0.11
4.54	0.11
4.56	0.13
4.59	0.11
4.61	0.11
4.63	0.12
4.66	0.11
4.68	0.11
4.71	0.11
4.73	0.11
4.76	0.11
4.78	0.11
4.81	0.12
4.83	0.11
4.85	0.11
4.88	0.13
4.90	0.12
4.93	0.12
4.95	0.12
4.98	0.12
5.00	0.12
5.03	0.12
5.05	0.13
5.07	0.12
5.10	0.12
5.12	0.14
5.15	0.13
5.17	0.13
5.20	0.15
5.22	0.13
5.25	0.13
5.27	0.13
5.29	0.13
5.32	0.14
5.34	0.14
5.37	0.15
5.39	0.14
5.42	0.14
5.44	0.16
5.47	0.15
5.49	0.15
5.51	0.15
5.54	0.14
5.56	0.14
5.59	0.14
5.61	0.15
5.64	0.14
5.66	0.14
5.68	0.16
5.71	0.15
5.73	0.15
5.76	0.16
5.78	0.14
5.81	0.14
5.83	0.15
5.86	0.15
5.88	0.15
5.90	0.15
5.93	0.16
5.95	0.15
5.98	0.15
6.00	0.17
6.03	0.14
6.05	0.14
6.08	0.15
6.10	0.15
6.12	0.15
6.15	0.15
6.17	0.16
6.20	0.15
6.22	0.15
6.25	0.16
6.27	0.15
6.30	0.15
6.32	0.17
6.34	0.15
6.37	0.15
6.39	0.16
6.42	0.16
6.44	0.15
6.47	0.15
6.49	0.17
6.52	0.16
6.54	0.16
6.56	0.18
6.59	0.16
6.61	0.16
6.64	0.17
6.66	0.17
6.69	0.17
6.71	0.17
6.73	0.17
6.76	0.16
6.78	0.16
6.81	0.19
6.83	0.17
6.86	0.17
6.88	0.18
6.91	0.18
6.93	0.18
6.95	0.18
6.98	0.18
7.00	0.17
7.03	0.17
7.05	0.19
7.08	0.17
7.10	0.17
7.13	0.20
7.15	0.17
7.17	0.17
7.20	0.19
7.22	0.18
7.25	0.18
7.27	0.18
7.30	0.19
7.32	0.18
7.35	0.18
7.37	0.21
7.39	0.19
7.42	0.19
7.44	0.21
7.47	0.19
7.49	0.19
7.52	0.20
7.54	0.20
7.57	0.19
7.59	0.19
7.61	0.22
7.64	0.20
7.66	0.20
7.69	0.23
7.71	0.21
7.74	0.21
7.76	0.22
7.78	0.21
7.81	0.21
7.83	0.21
7.86	0.22
7.88	0.21
7.91	0.21
7.93	0.23
7.96	0.20
7.98	0.20
8.00	0.22
8.03	0.21
8.05	0.21
8.08	0.22
8.10	0.22
8.13	0.21
8.15	0.21
8.18	0.23
8.20	0.21
8.22	0.21
8.25	0.23
8.27	0.21
8.30	0.21
8.32	0.22
8.35	0.22
8.37	0.21
8.40	0.21
8.42	0.23
8.44	0.21
8.47	0.21
8.49	0.24
8.52	0.22
8.54	0.22
8.57	0.23
8.59	0.22
8.62	0.22
8.64	0.23
8.66	0.23
8.69	0.22
8.71	0.22
8.74	0.24
8.76	0.22
8.79	0.22
8.81	0.24
8.84	0.23
8.86	0.23
8.88	0.24
8.91	0.23
8.93	0.23
8.96	0.23
8.98	0.24
9.01	0.22
9.03	0.22
9.05	0.25
9.08	0.23
9.10	0.23
9.13	0.25
9.15	0.24
9.18	0.24
9.20	0.24
9.23	0.25
9.25	0.24
9.27	0.24
9.30	0.27
9.32	0.25
9.35	0.25
9.37	0.26
9.40	0.24
9.42	0.24
9.45	0.26
9.47	0.25
9.49	0.24
9.52	0.24
9.54	0.26
9.57	0.24
9.59	0.24
9.62	0.27
9.64	0.25
9.67	0.25
9.69	0.26
9.71	0.25
9.74	0.25
9.76	0.27
9.79	0.27
9.81	0.26
9.84	0.26
9.86	0.28
9.89	0.25
9.91	0.25
9.93	0.27
9.96	0.25
9.98	0.25
10.01	0.27
10.03	0.27
10.06	0.27
10.08	0.27
10.10	0.28
10.13	0.26
10.15	0.26
10.18	0.29
10.20	0.26
10.23	0.26
10.25	0.28
10.28	0.27
10.30	0.27
10.32	0.28
10.35	0.29
10.37	0.27
10.40	0.27
10.42	0.29
10.45	0.26
10.47	0.26
10.50	0.29
10.52	0.27
10.54	0.27
10.57	0.29
10.59	0.29
10.62	0.28
10.64	0.28
10.67	0.29
10.69	0.27
10.72	0.27
10.74	0.30
10.76	0.28
10.79	0.28
10.81	0.30
10.84	0.29
10.86	0.29
10.89	0.30
10.91	0.31
10.94	0.29
10.96	0.29
10.98	0.31
11.01	0.29
11.03	0.29
11.06	0.31
11.08	0.30
11.11	0.30
11.13	0.32
11.15	0.32
11.18	0.31
11.20	0.31
11.23	0.32
11.25	0.30
11.28	0.30
11.30	0.33
11.33	0.30
11.35	0.30
11.37	0.32
11.40	0.31
11.42	0.31
11.45	0.32
11.47	0.33
11.50	0.31
11.52	0.31
11.55	0.34
11.57	0.31
11.59	0.31
11.62	0.33
11.64	0.32
11.67	0.32
11.69	0.34
11.72	0.34
11.74	0.32
11.77	0.33
11.79	0.34
11.81	0.31
11.84	0.31
11.86	0.34
11.89	0.32
11.91	0.32
11.94	0.34
11.96	0.34
11.99	0.33
12.01	0.35
12.03	0.35
12.06	0.33
12.08	0.33
12.11	0.36
12.13	0.33
12.16	0.33
12.18	0.36
12.21	0.34
12.23	0.34
12.25	0.36
12.28	0.37
12.30	0.35
12.33	0.35
12.35	0.37
12.38	0.35
12.40	0.35
12.42	0.38
12.45	0.36
12.47	0.36
12.50	0.38
12.52	0.38
12.55	0.37
12.57	0.38
12.60	0.39
12.62	0.37
12.64	0.37
12.67	0.39
12.69	0.37
12.72	0.37
12.74	0.39
12.77	0.38
12.79	0.38
12.82	0.40
12.84	0.40
12.86	0.38
12.89	0.39
12.91	0.40
12.94	0.38
12.96	0.38
12.99	0.40
13.01	0.38
13.04	0.38
13.06	0.40
13.08	0.40
13.11	0.39
13.13	0.40
13.16	0.41
13.18	0.38
13.21	0.39
13.23	0.43
13.26	0.40
13.28	0.40
13.30	0.43
13.33	0.42
13.35	0.42
13.38	0.44
13.40	0.44
13.43	0.42
13.45	0.43
13.47	0.44
13.50	0.42
13.52	0.42
13.55	0.44
13.57	0.42
13.60	0.42
13.62	0.45
13.65	0.45
13.67	0.43
13.69	0.44
13.72	0.46
13.74	0.43
13.77	0.43
13.79	0.45
13.82	0.43
13.84	0.43
13.87	0.46
13.89	0.43
13.91	0.43
13.94	0.45
13.96	0.45
13.99	0.43
14.01	0.44
14.04	0.45
14.06	0.42
14.09	0.42
14.11	0.46
14.13	0.44
14.16	0.44
14.18	0.47
14.21	0.47
14.23	0.45
14.26	0.47
14.28	0.47
14.31	0.45
14.33	0.46
14.35	0.48
14.38	0.46
14.40	0.46
14.43	0.49
14.45	0.48
14.48	0.47
14.50	0.49
14.52	0.50
14.55	0.48
14.57	0.48
14.60	0.50
14.62	0.47
14.65	0.48
14.67	0.50
14.70	0.49
14.72	0.48
14.74	0.51
14.77	0.50
14.79	0.48
14.82	0.50
14.84	0.52
14.87	0.49
14.89	0.50
14.92	0.52
14.94	0.50
14.96	0.50
14.99	0.52
15.01	0.51
15.04	0.50
15.06	0.52
15.09	0.53
15.11	0.50
15.14	0.51
15.16	0.53
15.18	0.50
15.21	0.50
15.23	0.53
15.26	0.51
15.28	0.51
15.31	0.53
15.33	0.54
15.36	0.51
15.38	0.53
15.40	0.54
15.43	0.51
15.45	0.52
15.48	0.54
15.50	0.51
15.53	0.51
15.55	0.53
15.57	0.52
15.60	0.50
15.62	0.53
15.65	0.53
15.67	0.50
15.70	0.51
15.72	0.53
15.75	0.50
15.77	0.50
15.79	0.53
15.82	0.51
15.84	0.50
15.87	0.53
15.89	0.52
15.92	0.49
15.94	0.51
15.97	0.52
15.99	0.49
16.01	0.49
16.04	0.52
16.06	0.49
16.09	0.49
16.11	0.51
16.14	0.50
16.16	0.49
16.19	0.51
16.21	0.50
16.23	0.48
16.26	0.49
16.28	0.50
16.31	0.47
16.33	0.47
16.36	0.50
16.38	0.47
16.41	0.47
16.43	0.49
16.45	0.48
16.48	0.46
16.50	0.47
16.53	0.47
16.55	0.45
16.58	0.45
16.60	0.47
16.63	0.44
16.65	0.43
16.67	0.46
16.70	0.44
16.72	0.42
16.75	0.45
16.77	0.45
16.80	0.42
16.82	0.42
16.84	0.43
16.87	0.41
16.89	0.40
16.92	0.42
16.94	0.41
16.97	0.40
16.99	0.42
17.02	0.41
17.04	0.39
17.06	0.40
17.09	0.41
17.11	0.38
17.14	0.38
17.16	0.40
17.19	0.37
17.21	0.37
17.24	0.39
17.26	0.38
17.28	0.37
17.31	0.38
17.33	0.38
17.36	0.36
17.38	0.36
17.41	0.37
17.43	0.34
17.46	0.34
17.48	0.37
17.50	0.34
17.53	0.34
17.55	0.36
17.58	0.36
17.60	0.34
17.63	0.34
17.65	0.35
17.68	0.32
17.70	0.32
17.72	0.35
17.75	0.32
17.77	0.32
17.80	0.34
17.82	0.33
17.85	0.32
17.87	0.33
17.89	0.33
17.92	0.31
17.94	0.31
17.97	0.32
17.99	0.30
18.02	0.30
18.04	0.32
18.07	0.30
18.09	0.30
18.11	0.32
18.14	0.31
18.16	0.29
18.19	0.29
18.21	0.30
18.24	0.28
18.26	0.28
18.29	0.31
18.31	0.28
18.33	0.28
18.36	0.30
18.38	0.28
18.41	0.28
18.43	0.29
18.46	0.29
18.48	0.27
18.51	0.27
18.53	0.29
18.55	0.26
18.58	0.26
18.60	0.28
18.63	0.26
18.65	0.26
18.68	0.28
18.70	0.28
18.73	0.26
18.75	0.26
18.77	0.27
18.80	0.26
18.82	0.26
18.85	0.28
18.87	0.26
18.90	0.26
18.92	0.27
18.94	0.26
18.97	0.26
18.99	0.27
19.02	0.27
19.04	0.25
19.07	0.25
19.09	0.27
19.12	0.24
19.14	0.24
19.16	0.26
19.19	0.25
19.21	0.25
19.24	0.27
19.26	0.26
19.29	0.25
19.31	0.25
19.34	0.26
19.36	0.24
19.38	0.24
19.41	0.27
19.43	0.24
19.46	0.24
19.48	0.25
19.51	0.25
19.53	0.24
19.56	0.24
19.58	0.25
19.60	0.24
19.63	0.24
19.65	0.25
19.68	0.23
19.70	0.23
19.73	0.25
19.75	0.23
19.78	0.23
19.80	0.24
19.82	0.24
19.85	0.22
19.87	0.22
19.90	0.24
19.92	0.22
19.95	0.22
19.97	0.24
19.99	0.22
20.02	0.22
20.04	0.23
20.07	0.21
20.09	0.21
20.12	0.21
20.14	0.22
20.17	0.20
20.19	0.20
20.21	0.22
20.24	0.20
20.26	0.20
20.29	0.22
20.31	0.20
20.34	0.20
20.36	0.21
20.39	0.21
20.41	0.20
20.43	0.20
20.46	0.21
20.48	0.19
20.51	0.19
20.53	0.21
20.56	0.19
20.58	0.19
20.61	0.20
20.63	0.19
20.65	0.19
20.68	0.19
20.70	0.20
20.73	0.19
20.75	0.19
20.78	0.21
20.80	0.19
20.83	0.19
20.85	0.20
20.87	0.18
20.90	0.18
20.92	0.19
20.95	0.19
20.97	0.18
21.00	0.18
21.02	0.20
21.05	0.18
21.07	0.18
21.09	0.20
21.12	0.19
21.14	0.19
21.17	0.20
21.19	0.19
21.22	0.19
21.24	0.19
21.26	0.20
21.29	0.18
21.31	0.18
21.34	0.21
21.36	0.19
21.39	0.19
21.41	0.21
21.44	0.20
21.46	0.20
21.48	0.21
21.51	0.22
21.53	0.21
21.56	0.21
21.58	0.23
21.61	0.22
21.63	0.22
21.66	0.24
21.68	0.23
21.70	0.23
21.73	0.25
21.75	0.26
21.78	0.25
21.80	0.27
21.83	0.30
21.85	0.29
21.88	0.29
21.90	0.34
21.92	0.33
21.95	0.33
21.97	0.37
22.00	0.37
22.02	0.37
22.05	0.41
22.07	0.43
22.10	0.43
22.12	0.46
22.14	0.50
22.17	0.50
22.19	0.52
22.22	0.58
22.24	0.59
22.27	0.60
22.29	0.66
22.31	0.68
22.34	0.70
22.36	0.74
22.39	0.78
22.41	0.79
22.44	0.83
22.46	0.88
22.49	0.88
22.51	0.91
22.53	0.98
22.56	1.00
22.58	1.01
22.61	1.08
22.63	1.11
22.66	1.12
22.68	1.18
22.71	1.23
22.73	1.24
22.75	1.28
22.78	1.34
22.80	1.36
22.83	1.38
22.85	1.45
22.88	1.48
22.90	1.49
22.93	1.55
22.95	1.59
22.97	1.60
23.00	1.64
23.02	1.70
23.05	1.71
23.07	1.74
23.10	1.81
23.12	1.83
23.15	1.85
23.17	1.92
23.19	1.95
23.22	1.96
23.24	2.02
23.27	2.06
23.29	2.06
23.32	2.10
23.34	2.16
23.36	2.18
23.39	2.20
23.41	2.26
23.44	2.28
23.46	2.29
23.49	2.35
23.51	2.38
23.54	2.38
23.56	2.43
23.58	2.48
23.61	2.48
23.63	2.51
23.66	2.57
23.68	2.59
23.71	2.59
23.73	2.65
23.76	2.68
23.78	2.68
23.80	2.73
23.83	2.77
23.85	2.77
23.88	2.80
23.90	2.86
23.93	2.86
23.95	2.89
23.98	2.94
24.00	2.96
24.02	2.96
24.05	3.02
24.07	3.06
24.10	3.06
24.12	3.10
24.15	3.15
24.17	3.15
24.20	3.18
24.22	3.23
24.24	3.24
24.27	3.25
24.29	3.31
24.32	3.33
24.34	3.33
24.37	3.37
24.39	3.42
24.42	3.41
24.44	3.44
24.46	3.50
24.49	3.50
24.51	3.52
24.54	3.57
24.56	3.58
24.59	3.58
24.61	3.63
24.63	3.66
24.66	3.66
24.68	3.70
24.71	3.74
24.73	3.73
24.76	3.75
24.78	3.81
24.81	3.81
24.83	3.82
24.85	3.88
24.88	3.89
24.90	3.89
24.93	3.93
24.95	3.97
24.98	3.96
25.00	3.99
25.03	4.05
25.05	4.04
25.07	4.06
25.10	4.11
25.12	4.12
25.15	4.11
25.17	4.16
25.20	4.19
25.22	4.19
25.25	4.22
25.27	4.27
25.29	4.26
25.32	4.28
25.34	4.33
25.37	4.34
25.39	4.34
25.42	4.39
25.44	4.40
25.47	4.40
25.49	4.44
25.51	4.47
25.54	4.46
25.56	4.49
25.59	4.54
25.61	4.54
25.64	4.55
25.66	4.59
25.68	4.60
25.71	4.59
25.73	4.64
25.76	4.66
25.78	4.65
25.81	4.69
25.83	4.72
25.86	4.71
25.88	4.73
25.90	4.77
25.93	4.77
25.95	4.77
25.98	4.81
26.00	4.84
26.03	4.83
26.05	4.86
26.08	4.89
26.10	4.89
26.12	4.90
26.15	4.95
26.17	4.93
26.20	4.94
26.22	4.99
26.25	4.99
26.27	4.98
26.30	5.02
26.32	5.05
26.34	5.04
26.37	5.06
26.39	5.10
26.42	5.08
26.44	5.10
26.47	5.14
26.49	5.14
26.52	5.14
26.54	5.18
26.56	5.20
26.59	5.18
26.61	5.22
26.64	5.24
26.66	5.23
26.69	5.24
26.71	5.29
26.73	5.28
26.76	5.28
26.78	5.33
26.81	5.30
26.83	5.32
26.86	5.37
26.88	5.36
26.91	5.34
26.93	5.41
26.95	5.41
26.98	5.38
27.00	5.43
27.03	5.46
27.05	5.42
27.08	5.45
27.10	5.50
27.13	5.48
27.15	5.47
27.17	5.53
27.20	5.52
27.22	5.51
27.25	5.56
27.27	5.57
27.30	5.54
27.32	5.58
27.35	5.61
27.37	5.57
27.39	5.58
27.42	5.64
27.44	5.62
27.47	5.63
27.49	5.66
27.52	5.65
27.54	5.66
27.57	5.69
27.59	5.69
27.61	5.68
27.64	5.72
27.66	5.73
27.69	5.71
27.71	5.75
27.74	5.77
27.76	5.75
27.78	5.76
27.81	5.80
27.83	5.79
27.86	5.79
27.88	5.83
27.91	5.83
27.93	5.82
27.96	5.85
27.98	5.87
28.00	5.85
28.03	5.88
28.05	5.91
28.08	5.89
28.10	5.90
28.13	5.93
28.15	5.93
28.18	5.92
28.20	5.96
28.22	5.97
28.25	5.95
28.27	5.98
28.30	5.98
28.32	5.96
28.35	5.97
28.37	6.01
28.40	6.00
28.42	6.00
28.44	6.04
28.47	6.04
28.49	6.02
28.52	6.06
28.54	6.07
28.57	6.05
28.59	6.07
28.62	6.10
28.64	6.08
28.66	6.09
28.69	6.12
28.71	6.12
28.74	6.11
28.76	6.14
28.79	6.15
28.81	6.13
28.84	6.16
28.86	6.18
28.88	6.16
28.91	6.18
28.93	6.21
28.96	6.22
28.98	6.22
29.01	6.26
29.03	6.26
29.05	6.24
29.08	6.28
29.10	6.29
29.13	6.28
29.15	6.30
29.18	6.33
29.20	6.31
29.23	6.31
29.25	6.35
29.27	6.35
29.30	6.33
29.32	6.37
29.35	6.38
29.37	6.36
29.40	6.39
29.42	6.41
29.45	6.40
29.47	6.41
29.49	6.44
29.52	6.42
29.54	6.42
29.57	6.46
29.59	6.45
29.62	6.44
29.64	6.47
29.67	6.49
29.69	6.47
29.71	6.48
29.74	6.51
29.76	6.49
29.79	6.49
29.81	6.53
29.84	6.52
29.86	6.51
29.89	6.55
29.91	6.55
29.93	6.54
29.96	6.57
29.98	6.59
30.01	6.56
30.03	6.57
30.06	6.60
30.08	6.59
30.10	6.58
30.13	6.62
30.15	6.62
30.18	6.60
30.20	6.63
30.23	6.65
30.25	6.63
30.28	6.64
30.30	6.67
30.32	6.65
30.35	6.66
30.37	6.69
30.40	6.69
30.42	6.68
30.45	6.71
30.47	6.72
30.50	6.70
30.52	6.72
30.54	6.74
30.57	6.72
30.59	6.73
30.62	6.76
30.64	6.75
30.67	6.75
30.69	6.79
30.72	6.78
30.74	6.76
30.76	6.79
30.79	6.81
30.81	6.79
30.84	6.80
30.86	6.83
30.89	6.81
30.91	6.81
30.94	6.85
30.96	6.84
30.98	6.83
31.01	6.86
31.03	6.87
31.06	6.85
31.08	6.87
31.11	6.89
31.13	6.87
31.15	6.88
31.18	6.91
31.20	6.89
31.23	6.88
31.25	6.92
31.28	6.92
31.30	6.90
31.33	6.93
31.35	6.94
31.37	6.92
31.40	6.94
31.42	6.96
31.45	6.94
31.47	6.94
31.50	6.98
31.52	6.97
31.55	6.95
31.57	6.99
31.59	6.99
31.62	6.98
31.64	7.00
31.67	7.01
31.69	6.99
31.72	6.99
31.74	7.02
31.77	7.00
31.79	7.00
31.81	7.02
31.84	7.02
31.86	6.99
31.89	7.02
31.91	7.03
31.94	7.00
31.96	7.01
31.99	7.03
32.01	7.01
32.03	7.00
32.06	7.02
32.08	7.01
32.11	6.98
32.13	7.00
32.16	7.00
32.18	6.96
32.20	6.97
32.23	6.98
32.25	6.94
32.28	6.93
32.30	6.95
32.33	6.92
32.35	6.90
32.38	6.91
32.40	6.89
32.42	6.85
32.45	6.85
32.47	6.84
32.50	6.80
32.52	6.80
32.55	6.80
32.57	6.76
32.60	6.73
32.62	6.74
32.64	6.71
32.67	6.66
32.69	6.66
32.72	6.64
32.74	6.60
32.77	6.59
32.79	6.58
32.82	6.53
32.84	6.51
32.86	6.50
32.89	6.46
32.91	6.42
32.94	6.42
32.96	6.38
32.99	6.33
33.01	6.32
33.04	6.30
33.06	6.25
33.08	6.23
33.11	6.23
33.13	6.17
33.16	6.13
33.18	6.13
33.21	6.09
33.23	6.04
33.26	6.03
33.28	6.00
33.30	5.94
33.33	5.92
33.35	5.90
33.38	5.85
33.40	5.81
33.43	5.80
33.45	5.75
33.47	5.70
33.50	5.70
33.52	5.66
33.55	5.59
33.57	5.58
33.60	5.55
33.62	5.49
33.65	5.45
33.67	5.44
33.69	5.39
33.72	5.34
33.74	5.32
33.77	5.27
33.79	5.22
33.82	5.20
33.84	5.17
33.87	5.10
33.89	5.07
33.91	5.04
33.94	4.98
33.96	4.94
33.99	4.93
34.01	4.88
34.04	4.82
34.06	4.81
34.09	4.76
34.11	4.70
34.13	4.68
34.16	4.65
34.18	4.58
34.21	4.56
34.23	4.54
34.26	4.48
34.28	4.43
34.31	4.41
34.33	4.37
34.35	4.30
34.38	4.28
34.40	4.25
34.43	4.19
34.45	4.16
34.48	4.14
34.50	4.08
34.52	4.04
34.55	4.03
34.57	3.98
34.60	3.92
34.62	3.91
34.65	3.87
34.67	3.81
34.70	3.79
34.72	3.76
34.74	3.70
34.77	3.67
34.79	3.66
34.82	3.60
34.84	3.55
34.87	3.54
34.89	3.49
34.92	3.43
34.94	3.42
34.96	3.39
34.99	3.33
35.01	3.30
35.04	3.29
35.06	3.23
35.09	3.19
35.11	3.19
35.14	3.14
35.16	3.09
35.18	3.08
35.21	3.05
35.23	2.98
35.26	2.96
35.28	2.94
35.31	2.89
35.33	2.85
35.36	2.85
35.38	2.79
35.40	2.75
35.43	2.74
35.45	2.71
35.48	2.65
35.50	2.64
35.53	2.62
35.55	2.56
35.57	2.54
35.60	2.52
35.62	2.47
35.65	2.44
35.67	2.44
35.70	2.39
35.72	2.35
35.75	2.34
35.77	2.31
35.79	2.26
35.82	2.25
35.84	2.23
35.87	2.18
35.89	2.16
35.92	2.16
35.94	2.12
35.97	2.08
35.99	2.08
36.01	2.05
36.04	1.99
36.06	1.99
36.09	1.97
36.11	1.92
36.14	1.91
36.16	1.91
36.19	1.86
36.21	1.83
36.23	1.83
36.26	1.80
36.28	1.76
36.31	1.76
36.33	1.74
36.36	1.69
36.38	1.68
36.41	1.67
36.43	1.63
36.45	1.61
36.48	1.61
36.50	1.57
36.53	1.54
36.55	1.54
36.58	1.52
36.60	1.47
36.62	1.47
36.65	1.46
36.67	1.41
36.70	1.41
36.72	1.41
36.75	1.36
36.77	1.34
36.80	1.34
36.82	1.31
36.84	1.27
36.87	1.28
36.89	1.26
36.92	1.22
36.94	1.22
36.97	1.21
36.99	1.17
37.02	1.14
37.04	1.16
37.06	1.12
37.09	1.09
37.11	1.10
37.14	1.08
37.16	1.03
37.19	1.04
37.21	1.03
37.24	0.99
37.26	0.98
37.28	0.98
37.31	0.94
37.33	0.91
37.36	0.93
37.38	0.90
37.41	0.87
37.43	0.88
37.46	0.86
37.48	0.82
37.50	0.82
37.53	0.80
37.55	0.76
37.58	0.74
37.60	0.75
37.63	0.72
37.65	0.70
37.68	0.71
37.70	0.69
37.72	0.66
37.75	0.67
37.77	0.66
37.80	0.63
37.82	0.62
37.85	0.64
37.87	0.61
37.89	0.59
37.92	0.61
37.94	0.59
37.97	0.57
37.99	0.58
38.02	0.57
38.04	0.54
38.07	0.56
38.09	0.57
38.11	0.54
38.14	0.54
38.16	0.56
38.19	0.56
38.21	0.55
38.24	0.58
38.26	0.58
38.29	0.55
38.31	0.58
38.33	0.59
38.36	0.58
38.38	0.59
38.41	0.63
38.43	0.62
38.46	0.62
38.48	0.67
38.51	0.67
38.53	0.67
38.55	0.71
38.58	0.74
38.60	0.74
38.63	0.77
38.65	0.82
38.68	0.82
38.70	0.85
38.73	0.90
38.75	0.91
38.77	0.93
38.80	0.98
38.82	1.02
38.85	1.02
38.87	1.08
38.90	1.13
38.92	1.14
38.94	1.18
38.97	1.25
38.99	1.26
39.02	1.29
39.04	1.36
39.07	1.38
39.09	1.41
39.12	1.47
39.14	1.51
39.16	1.53
39.19	1.58
39.21	1.64
39.24	1.65
39.26	1.68
39.29	1.75
39.31	1.77
39.34	1.80
39.36	1.86
39.38	1.90
39.41	1.92
39.43	1.98
39.46	2.02
39.48	2.03
39.51	2.08
39.53	2.14
39.56	2.15
39.58	2.18
39.60	2.24
39.63	2.27
39.65	2.29
39.68	2.35
39.70	2.39
39.73	2.40
39.75	2.45
39.78	2.50
39.80	2.51
39.82	2.55
39.85	2.61
39.87	2.62
39.90	2.65
39.92	2.71
39.95	2.74
39.97	2.74
39.99	2.79
40.02	2.84
40.04	2.84
40.07	2.88
40.09	2.94
40.12	2.96
40.14	2.99
40.17	3.05
40.19	3.07
40.21	3.08
40.24	3.15
40.26	3.18
40.29	3.19
40.31	3.24
40.34	3.29
40.36	3.30
40.39	3.33
40.41	3.39
40.43	3.41
40.46	3.43
40.48	3.49
40.51	3.53
40.53	3.53
40.56	3.59
40.58	3.64
40.61	3.65
40.63	3.70
40.65	3.76
40.68	3.77
40.70	3.81
40.73	3.88
40.75	3.90
40.78	3.91
40.80	3.98
40.83	4.02
40.85	4.03
40.87	4.09
40.90	4.15
40.92	4.16
40.95	4.20
40.97	4.26
41.00	4.28
41.02	4.31
41.05	4.38
41.07	4.42
41.09	4.43
41.12	4.49
41.14	4.55
41.17	4.55
41.19	4.60
41.22	4.67
41.24	4.68
41.26	4.71
41.29	4.77
41.31	4.80
41.34	4.82
41.36	4.88
41.39	4.92
41.41	4.93
41.44	4.98
41.46	5.03
41.48	5.04
41.51	5.08
41.53	5.15
41.56	5.16
41.58	5.19
41.61	5.25
41.63	5.28
41.66	5.29
41.68	5.34
41.70	5.39
41.73	5.40
41.75	5.44
41.78	5.50
41.80	5.51
41.83	5.54
41.85	5.61
41.88	5.63
41.90	5.64
41.92	5.70
41.95	5.74
41.97	5.75
42.00	5.80
42.02	5.85
42.05	5.86
42.07	5.90
42.10	5.96
42.12	5.98
42.14	6.00
42.17	6.06
42.19	6.08
42.22	6.09
42.24	6.15
42.27	6.19
42.29	6.20
42.31	6.24
42.34	6.29
42.36	6.29
42.39	6.32
42.41	6.37
42.44	6.39
42.46	6.41
42.49	6.46
42.51	6.49
42.53	6.50
42.56	6.55
42.58	6.59
42.61	6.59
42.63	6.62
42.66	6.68
42.68	6.69
42.71	6.71
42.73	6.76
42.75	6.79
42.78	6.80
42.80	6.84
42.83	6.88
42.85	6.88
42.88	6.92
42.90	6.97
42.93	6.98
42.95	7.00
42.97	7.06
43.00	7.08
43.02	7.09
43.05	7.14
43.07	7.18
43.10	7.18
43.12	7.22
43.15	7.26
43.17	7.26
43.19	7.28
43.22	7.34
43.24	7.35
43.27	7.37
43.29	7.42
43.32	7.44
43.34	7.44
43.36	7.49
43.39	7.53
43.41	7.53
43.44	7.56
43.46	7.62
43.49	7.62
43.51	7.64
43.54	7.69
43.56	7.70
43.58	7.71
43.61	7.76
43.63	7.78
43.66	7.78
43.68	7.82
43.71	7.86
43.73	7.86
43.76	7.88
43.78	7.94
43.80	7.95
43.83	7.96
43.85	8.01
43.88	8.03
43.90	8.03
43.93	8.07
43.95	8.10
43.98	8.10
44.00	8.12
44.02	8.17
44.05	8.17
44.07	8.18
44.10	8.23
44.12	8.24
44.15	8.24
44.17	8.29
44.20	8.32
44.22	8.32
44.24	8.35
44.27	8.39
44.29	8.39
44.32	8.41
44.34	8.45
44.37	8.46
44.39	8.47
44.41	8.52
44.44	8.53
44.46	8.53
44.49	8.57
44.51	8.60
44.54	8.59
44.56	8.62
44.59	8.67
44.61	8.67
44.63	8.68
44.66	8.73
44.68	8.75
44.71	8.75
44.73	8.79
44.76	8.82
44.78	8.81
44.81	8.84
44.83	8.88
44.85	8.87
44.88	8.89
44.90	8.93
44.93	8.94
44.95	8.94
44.98	8.98
45.00	9.00
45.03	9.00
45.05	9.03
45.07	9.07
45.10	9.06
45.12	9.08
45.15	9.13
45.17	9.13
45.20	9.14
45.22	9.18
45.25	9.19
45.27	9.19
45.29	9.23
45.32	9.25
45.34	9.24
45.37	9.27
45.39	9.31
45.42	9.30
45.44	9.32
45.47	9.36
45.49	9.37
45.51	9.38
45.54	9.42
45.56	9.44
45.59	9.43
45.61	9.47
45.64	9.50
45.66	9.49
45.68	9.51
45.71	9.56
45.73	9.55
45.76	9.56
45.78	9.60
45.81	9.61
45.83	9.61
45.86	9.65
45.88	9.67
45.90	9.66
45.93	9.69
45.95	9.73
45.98	9.72
46.00	9.74
46.03	9.78
46.05	9.78
46.08	9.77
46.10	9.82
46.12	9.84
46.15	9.82
46.17	9.85
46.20	9.88
46.22	9.88
46.25	9.89
46.27	9.93
46.30	9.93
46.32	9.93
46.34	9.98
46.37	9.99
46.39	9.98
46.42	10.02
46.44	10.04
46.47	10.03
46.49	10.05
46.52	10.09
46.54	10.08
46.56	10.08
46.59	10.13
46.61	10.13
46.64	10.13
46.66	10.18
46.69	10.19
46.71	10.18
46.73	10.22
46.76	10.24
46.78	10.23
46.81	10.25
46.83	10.29
46.86	10.28
46.88	10.28
46.91	10.33
46.93	10.34
46.95	10.33
46.98	10.37
47.00	10.39
47.03	10.38
47.05	10.40
47.08	10.43
47.10	10.42
47.13	10.43
47.15	10.48
47.17	10.48
47.20	10.48
47.22	10.51
47.25	10.53
47.27	10.51
47.30	10.54
47.32	10.57
47.35	10.55
47.37	10.57
47.39	10.60
47.42	10.60
47.44	10.61
47.47	10.64
47.49	10.65
47.52	10.64
47.54	10.67
47.57	10.69
47.59	10.68
47.61	10.70
47.64	10.74
47.66	10.73
47.69	10.73
47.71	10.77
47.74	10.77
47.76	10.77
47.78	10.81
47.81	10.82
47.83	10.81
47.86	10.84
47.88	10.87
47.91	10.85
47.93	10.87
47.96	10.91
47.98	10.90
48.00	10.90
48.03	10.94
48.05	10.95
48.08	10.94
48.10	10.97
48.13	10.99
48.15	10.98
48.18	10.99
48.20	11.02
48.22	11.01
48.25	11.01
48.27	11.05
48.30	11.05
48.32	11.04
48.35	11.08
48.37	11.08
48.40	11.07
48.42	11.10
48.44	11.12
48.47	11.09
48.49	11.10
48.52	11.13
48.54	11.13
48.57	11.12
48.59	11.15
48.62	11.15
48.64	11.13
48.66	11.15
48.69	11.16
48.71	11.14
48.74	11.15
48.76	11.18
48.79	11.15
48.81	11.14
48.84	11.17
48.86	11.16
48.88	11.14
48.91	11.16
48.93	11.16
48.96	11.13
48.98	11.14
49.01	11.15
49.03	11.12
49.05	11.12
49.08	11.13
49.10	11.11
49.13	11.09
49.15	11.11
49.18	11.09
49.20	11.05
49.23	11.06
49.25	11.06
49.27	11.02
49.30	11.01
49.32	11.02
49.35	10.98
49.37	10.96
49.40	10.97
49.42	10.93
49.45	10.89
49.47	10.90
49.49	10.89
49.52	10.84
49.54	10.83
49.57	10.83
49.59	10.79
49.62	10.76
49.64	10.77
49.67	10.73
49.69	10.69
49.71	10.68
49.74	10.66
49.76	10.61
49.79	10.60
49.81	10.58
49.84	10.53
49.86	10.52
49.89	10.52
49.91	10.46
49.93	10.42
49.96	10.42
49.98	10.38
50.01	10.33
50.03	10.33
50.06	10.31
50.08	10.26
50.10	10.24
50.13	10.23
50.15	10.17
50.18	10.14
50.20	10.14
50.23	10.09
50.25	10.04
50.28	10.04
50.30	10.01
50.32	9.95
50.35	9.94
50.37	9.92
50.40	9.87
50.42	9.84
50.45	9.83
50.47	9.78
50.50	9.74
50.52	9.73
50.54	9.69
50.57	9.63
50.59	9.63
50.62	9.59
50.64	9.53
50.67	9.51
50.69	9.49
50.72	9.43
50.74	9.39
50.76	9.38
50.79	9.33
50.81	9.29
50.84	9.27
50.86	9.23
50.89	9.17
50.91	9.15
50.94	9.13
50.96	9.06
50.98	9.04
51.01	9.02
51.03	8.96
51.06	8.91
51.08	8.90
51.11	8.85
51.13	8.78
51.15	8.77
51.18	8.73
51.20	8.67
51.23	8.64
51.25	8.62
51.28	8.56
51.30	8.52
51.33	8.51
51.35	8.45
51.37	8.39
51.40	8.38
51.42	8.33
51.45	8.27
51.47	8.24
51.50	8.22
51.52	8.15
51.55	8.12
51.57	8.10
51.59	8.04
51.62	7.99
51.64	7.97
51.67	7.93
51.69	7.86
51.72	7.85
51.74	7.81
51.77	7.75
51.79	7.72
51.81	7.71
51.84	7.64
51.86	7.59
51.89	7.58
51.91	7.53
51.94	7.47
51.96	7.46
51.99	7.42
52.01	7.36
52.03	7.33
52.06	7.31
52.08	7.24
52.11	7.21
52.13	7.20
52.16	7.14
52.18	7.09
52.20	7.08
52.23	7.03
52.25	6.97
52.28	6.95
52.30	6.92
52.33	6.86
52.35	6.83
52.38	6.81
52.40	6.75
52.42	6.71
52.45	6.70
52.47	6.65
52.50	6.59
52.52	6.58
52.55	6.55
52.57	6.48
52.60	6.46
52.62	6.44
52.64	6.38
52.67	6.34
52.69	6.33
52.72	6.27
52.74	6.23
52.77	6.21
52.79	6.17
52.82	6.10
52.84	6.09
52.86	6.06
52.89	5.99
52.91	5.97
52.94	5.96
52.96	5.90
52.99	5.86
53.01	5.85
53.04	5.80
53.06	5.74
53.08	5.73
53.11	5.69
53.13	5.63
53.16	5.61
53.18	5.60
53.21	5.54
53.23	5.51
53.26	5.50
53.28	5.44
53.30	5.39
53.33	5.39
53.35	5.35
53.38	5.29
53.40	5.27
53.43	5.26
53.45	5.19
53.47	5.17
53.50	5.16
53.52	5.10
53.55	5.06
53.57	5.06
53.60	5.01
53.62	4.96
53.65	4.95
53.67	4.92
53.69	4.85
53.72	4.83
53.74	4.82
53.77	4.76
53.79	4.72
53.82	4.72
53.84	4.66
53.87	4.61
53.89	4.61
53.91	4.55
53.94	4.51
53.96	4.52
53.99	4.46
54.01	4.40
54.04	4.41
54.06	4.38
54.09	4.30
54.11	4.30
54.13	4.29
54.16	4.20
54.18	4.18
54.21	4.19
54.23	4.13
54.26	4.07
54.28	4.08
54.31	4.04
54.33	3.97
54.35	3.98
54.38	3.97
54.40	3.89
54.43	3.88
54.45	3.89
54.48	3.82
54.50	3.78
54.52	3.80
54.55	3.75
54.57	3.72
54.60	3.72
54.62	3.67
54.65	3.64
54.67	3.64
54.70	3.62
54.72	3.57
54.74	3.58
54.77	3.56
54.79	3.51
54.82	3.51
54.84	3.52
54.87	3.48
54.89	3.46
54.92	3.48
54.94	3.44
54.96	3.41
54.99	3.42
55.01	3.42
55.04	3.38
55.06	3.40
55.09	3.41
55.11	3.38
55.14	3.39
55.16	3.42
55.18	3.39
55.21	3.38
55.23	3.42
55.26	3.41
55.28	3.40
55.31	3.43
55.33	3.45
55.36	3.43
55.38	3.45
55.40	3.49
55.43	3.47
55.45	3.49
55.48	3.52
55.50	3.51
55.53	3.51
55.55	3.55
55.57	3.57
55.60	3.58
55.62	3.62
55.65	3.65
55.67	3.64
55.70	3.66
55.72	3.71
55.75	3.70
55.77	3.71
55.79	3.76
55.82	3.76
55.84	3.76
55.87	3.80
55.89	3.83
55.92	3.82
55.94	3.85
55.97	3.89
55.99	3.87
56.01	3.89
56.04	3.94
56.06	3.94
56.09	3.93
56.11	3.98
56.14	4.00
56.16	3.99
56.19	4.02
56.21	4.05
56.23	4.04
56.26	4.05
56.28	4.10
56.31	4.09
56.33	4.09
56.36	4.14
56.38	4.15
56.41	4.12
56.43	4.15
56.45	4.18
56.48	4.17
56.50	4.20
56.53	4.23
56.55	4.23
56.58	4.24
56.60	4.29
56.62	4.29
56.65	4.29
56.67	4.33
56.70	4.35
56.72	4.34
56.75	4.38
56.77	4.41
56.80	4.41
56.82	4.43
56.84	4.48
56.87	4.49
56.89	4.50
56.92	4.55
56.94	4.57
56.97	4.57
56.99	4.62
57.02	4.66
57.04	4.66
57.06	4.73
57.09	4.78
57.11	4.79
57.14	4.82
57.16	4.88
57.19	4.90
57.21	4.91
57.24	4.97
57.26	5.01
57.28	5.02
57.31	5.07
57.33	5.12
57.36	5.13
57.38	5.17
57.41	5.23
57.43	5.25
57.46	5.28
57.48	5.35
57.50	5.38
57.53	5.40
57.55	5.46
57.58	5.51
57.60	5.52
57.63	5.57
57.65	5.63
57.68	5.65
57.70	5.68
57.72	5.75
57.75	5.78
57.77	5.80
57.80	5.86
57.82	5.91
57.85	5.92
57.87	5.98
57.89	6.03
57.92	6.04
57.94	6.08
57.97	6.16
57.99	6.18
58.02	6.21
58.04	6.27
58.07	6.31
58.09	6.33
58.11	6.39
58.14	6.44
58.16	6.46
58.19	6.50
58.21	6.57
58.24	6.58
58.26	6.62
58.29	6.69
58.31	6.72
58.33	6.74
58.36	6.81
58.38	6.85
58.41	6.86
58.43	6.92
58.46	6.98
58.48	7.00
58.51	7.04
58.53	7.10
58.55	7.13
58.58	7.16
58.60	7.23
58.63	7.26
58.65	7.28
58.68	7.34
58.70	7.40
58.73	7.41
58.75	7.46
58.77	7.53
58.80	7.55
58.82	7.59
58.85	7.66
58.87	7.69
58.90	7.71
58.92	7.78
58.94	7.83
58.97	7.84
58.99	7.90
59.02	7.96
59.04	7.98
59.07	8.03
59.09	8.10
59.12	8.13
59.14	8.16
59.16	8.23
59.19	8.28
59.21	8.30
59.24	8.37
59.26	8.42
59.29	8.45
59.31	8.50
59.34	8.57
59.36	8.59
59.38	8.63
59.41	8.71
59.43	8.74
59.46	8.77
59.48	8.84
59.51	8.90
59.53	8.92
59.56	8.98
59.58	9.05
59.60	9.07
59.63	9.11
59.65	9.19
59.68	9.22
59.70	9.26
59.73	9.34
59.75	9.38
59.78	9.41
59.80	9.47
59.82	9.53
59.85	9.55
59.87	9.60
59.90	9.67
59.92	9.70
59.95	9.74
59.97	9.82
59.99	9.85
60.02	9.89
60.04	9.96
60.07	10.01
60.09	10.03
60.12	10.09
60.14	10.15
60.17	10.18
60.19	10.22
60.21	10.30
60.24	10.34
60.26	10.37
60.29	10.45
60.31	10.49
60.34	10.52
60.36	10.58
60.39	10.64
60.41	10.66
60.43	10.72
60.46	10.79
60.48	10.82
60.51	10.86
60.53	10.94
60.56	10.98
60.58	11.00
60.61	11.07
60.63	11.13
60.65	11.15
60.68	11.21
60.70	11.28
60.73	11.30
60.75	11.35
60.78	11.42
60.80	11.46
60.83	11.49
60.85	11.57
60.87	11.62
60.90	11.64
60.92	11.71
60.95	11.77
60.97	11.79
61.00	11.84
61.02	11.92
61.05	11.95
61.07	11.98
61.09	12.06
61.12	12.10
61.14	12.13
61.17	12.21
61.19	12.26
61.22	12.28
61.24	12.35
61.26	12.42
61.29	12.44
61.31	12.48
61.34	12.57
61.36	12.60
61.39	12.63
61.41	12.71
61.44	12.77
61.46	12.79
61.48	12.85
61.51	12.92
61.53	12.94
61.56	12.99
61.58	13.06
61.61	13.09
61.63	13.13
61.66	13.21
61.68	13.25
61.70	13.28
61.73	13.35
61.75	13.41
61.78	13.42
61.80	13.48
61.83	13.55
61.85	13.57
61.88	13.62
61.90	13.69
61.92	13.73
61.95	13.77
61.97	13.85
62.00	13.89
62.02	13.92
62.05	13.98
62.07	14.04
62.10	14.06
62.12	14.11
62.14	14.19
62.17	14.22
62.19	14.26
62.22	14.34
62.24	14.39
62.27	14.41
62.29	14.48
62.31	14.54
62.34	14.56
62.36	14.62
62.39	14.69
62.41	14.72
62.44	14.76
62.46	14.85
62.49	14.89
62.51	14.91
62.53	14.99
62.56	15.05
62.58	15.07
62.61	15.13
62.63	15.20
62.66	15.22
62.68	15.27
62.71	15.35
62.73	15.38
62.75	15.42
62.78	15.50
62.80	15.55
62.83	15.57
62.85	15.65
62.88	15.71
62.90	15.73
62.93	15.79
62.95	15.87
62.97	15.89
63.00	15.93
63.02	16.01
63.05	16.05
63.07	16.09
63.10	16.16
63.12	16.21
63.15	16.23
63.17	16.30
63.19	16.36
63.22	16.38
63.24	16.43
63.27	16.51
63.29	16.55
63.32	16.58
63.34	16.66
63.36	16.70
63.39	16.73
63.41	16.80
63.44	16.86
63.46	16.88
63.49	16.94
63.51	17.01
63.54	17.03
63.56	17.08
63.58	17.16
63.61	17.20
63.63	17.23
63.66	17.31
63.68	17.36
63.71	17.38
63.73	17.44
63.76	17.51
63.78	17.53
63.80	17.58
63.83	17.66
63.85	17.69
63.88	17.74
63.90	17.82
63.93	17.86
63.95	17.88
63.98	17.95
64.00	18.00
64.02	18.02
64.05	18.07
64.07	18.15
64.10	18.18
64.12	18.22
64.15	18.30
64.17	18.33
64.20	18.36
64.22	18.44
64.24	18.49
64.27	18.52
64.29	18.57
64.32	18.64
64.34	18.66
64.37	18.70
64.39	18.79
64.41	18.82
64.44	18.86
64.46	18.94
64.49	18.98
64.51	19.01
64.54	19.08
64.56	19.14
64.59	19.16
64.61	19.22
64.63	19.29
64.66	19.34
64.68	19.38
64.71	19.46
64.73	19.49
64.76	19.52
64.78	19.60
64.81	19.65
64.83	19.68
64.85	19.74
64.88	19.80
64.90	19.82
64.93	19.86
64.95	19.94
64.98	19.97
65.00	20.00
65.03	20.08
65.05	20.12
65.07	20.14
65.10	20.21
65.12	20.27
65.15	20.28
65.17	20.33
65.20	20.40
65.22	20.42
65.25	20.45
65.27	20.52
65.29	20.55
65.32	20.57
65.34	20.64
65.37	20.69
65.39	20.70
65.42	20.75
65.44	20.81
65.47	20.82
65.49	20.85
65.51	20.92
65.54	20.94
65.56	20.96
65.59	21.03
65.61	21.07
65.64	21.07
65.66	21.12
65.68	21.17
65.71	21.17
65.73	21.20
65.76	21.26
65.78	21.27
65.81	21.29
65.83	21.34
65.86	21.36
65.88	21.36
65.90	21.41
65.93	21.45
65.95	21.44
65.98	21.47
66.00	21.53
66.03	21.52
66.05	21.54
66.08	21.59
66.10	21.60
66.12	21.60
66.15	21.64
66.17	21.65
66.20	21.65
66.22	21.68
66.25	21.71
66.27	21.70
66.30	21.72
66.32	21.77
66.34	21.76
66.37	21.76
66.39	21.80
66.42	21.81
66.44	21.80
66.47	21.83
66.49	21.86
66.52	21.85
66.54	21.87
66.56	21.90
66.59	21.89
66.61	21.89
66.64	21.94
66.66	21.93
66.69	21.91
66.71	21.96
66.73	21.97
66.76	21.95
66.78	21.97
66.81	21.99
66.83	21.98
66.86	21.99
66.88	22.02
66.91	22.01
66.93	22.00
66.95	22.04
66.98	22.04
67.00	22.02
67.03	22.06
67.05	22.07
67.08	22.04
67.10	22.06
67.13	22.09
67.15	22.06
67.17	22.06
67.20	22.09
67.22	22.09
67.25	22.06
67.27	22.09
67.30	22.09
67.32	22.06
67.35	22.08
67.37	22.09
67.39	22.06
67.42	22.06
67.44	22.09
67.47	22.08
67.49	22.06
67.52	22.08
67.54	22.07
67.57	22.04
67.59	22.05
67.61	22.06
67.64	22.02
67.66	22.02
67.69	22.04
67.71	22.00
67.74	21.99
67.76	22.00
67.78	21.98
67.81	21.95
67.83	21.97
67.86	21.96
67.88	21.91
67.91	21.92
67.93	21.93
67.96	21.89
67.98	21.87
68.00	21.89
68.03	21.86
68.05	21.83
68.08	21.84
68.10	21.81
68.13	21.77
68.15	21.77
68.18	21.77
68.20	21.72
68.22	21.71
68.25	21.72
68.27	21.68
68.30	21.65
68.32	21.66
68.35	21.64
68.37	21.60
68.40	21.60
68.42	21.59
68.44	21.55
68.47	21.55
68.49	21.55
68.52	21.50
68.54	21.47
68.57	21.49
68.59	21.45
68.62	21.41
68.64	21.42
68.66	21.40
68.69	21.34
68.71	21.34
68.74	21.33
68.76	21.29
68.79	21.26
68.81	21.27
68.83	21.23
68.86	21.19
68.88	21.20
68.91	21.17
68.93	21.12
68.96	21.12
68.98	21.10
69.01	21.03
69.03	21.01
69.05	21.01
69.08	20.96
69.10	20.93
69.13	20.93
69.15	20.90
69.18	20.85
69.20	20.86
69.23	20.83
69.25	20.77
69.27	20.76
69.30	20.75
69.32	20.69
69.35	20.66
69.37	20.67
69.40	20.62
69.42	20.58
69.45	20.59
69.47	20.55
69.49	20.49
69.52	20.49
69.54	20.47
69.57	20.41
69.59	20.39
69.62	20.38
69.64	20.32
69.67	20.31
69.69	20.30
69.71	20.26
69.74	20.21
69.76	20.21
69.79	20.17
69.81	20.11
69.84	20.09
69.86	20.08
69.89	20.02
69.91	19.99
69.93	19.99
69.96	19.93
69.98	19.89
70.01	19.88
70.03	19.83
70.06	19.77
70.08	19.76
70.10	19.74
70.13	19.67
70.15	19.65
70.18	19.64
70.20	19.58
70.23	19.54
70.25	19.53
70.28	19.48
70.30	19.43
70.32	19.42
70.35	19.38
70.37	19.33
70.40	19.31
70.42	19.29
70.45	19.22
70.47	19.19
70.50	19.18
70.52	19.12
70.54	19.07
70.57	19.06
70.59	19.02
70.62	18.96
70.64	18.94
70.67	18.92
70.69	18.86
70.72	18.83
70.74	18.81
70.76	18.75
70.79	18.70
70.81	18.69
70.84	18.65
70.86	18.59
70.89	18.58
70.91	18.55
70.94	18.48
70.96	18.46
70.98	18.44
71.01	18.38
71.03	18.33
71.06	18.32
71.08	18.27
71.11	18.22
71.13	18.21
71.15	18.17
71.18	18.11
71.20	18.10
71.23	18.07
71.25	18.01
71.28	17.98
71.30	17.98
71.33	17.92
71.35	17.88
71.37	17.88
71.40	17.84
71.42	17.79
71.45	17.79
71.47	17.76
71.50	17.71
71.52	17.70
71.55	17.69
71.57	17.64
71.59	17.62
71.62	17.64
71.64	17.60
71.67	17.57
71.69	17.59
71.72	17.57
71.74	17.53
71.77	17.53
71.79	17.54
71.81	17.51
71.84	17.51
71.86	17.53
71.89	17.50
71.91	17.49
71.94	17.52
71.96	17.51
71.99	17.49
72.01	17.52
72.03	17.53
72.06	17.50
72.08	17.52
72.11	17.55
72.13	17.53
72.16	17.53
72.18	17.57
72.20	17.57
72.23	17.56
72.25	17.59
72.28	17.60
72.30	17.59
72.33	17.61
72.35	17.64
72.38	17.62
72.40	17.63
72.42	17.67
72.45	17.66
72.47	17.65
72.50	17.69
72.52	17.69
72.55	17.67
72.57	17.71
72.60	17.72
72.62	17.71
72.64	17.72
72.67	17.75
72.69	17.73
72.72	17.73
72.74	17.77
72.77	17.76
72.79	17.75
72.82	17.78
72.84	17.79
72.86	17.76
72.89	17.78
72.91	17.80
72.94	17.78
72.96	17.78
72.99	17.81
73.01	17.80
73.04	17.79
73.06	17.82
73.08	17.82
73.11	17.80
73.13	17.84
73.16	17.85
73.18	17.82
73.21	17.84
73.23	17.87
73.25	17.85
73.28	17.86
73.30	17.91
73.33	17.91
73.35	17.90
73.38	17.94
73.40	17.97
73.43	17.95
73.45	17.99
73.47	18.02
73.50	18.01
73.52	18.04
73.55	18.10
73.57	18.11
73.60	18.13
73.62	18.19
73.65	18.22
73.67	18.22
73.69	18.28
73.72	18.33
73.74	18.34
73.77	18.40
73.79	18.47
73.82	18.48
73.84	18.53
73.87	18.61
73.89	18.65
73.91	18.68
73.94	18.76
73.96	18.82
73.99	18.85
74.01	18.92
74.04	19.00
74.06	19.03
74.09	19.09
74.11	19.18
74.13	19.23
74.16	19.28
74.18	19.36
74.21	19.43
74.23	19.47
74.26	19.56
74.28	19.64
74.31	19.68
74.33	19.75
74.35	19.85
74.38	19.89
74.40	19.95
74.43	20.06
74.45	20.12
74.48	20.17
74.50	20.26
74.52	20.34
74.55	20.38
74.57	20.46
74.60	20.55
74.62	20.59
74.65	20.66
74.67	20.76
74.70	20.82
74.72	20.87
74.74	20.98
74.77	21.05
74.79	21.09
74.82	21.18
74.84	21.27
74.87	21.31
74.89	21.39
74.92	21.49
74.94	21.54
74.96	21.60
74.99	21.71
75.01	21.78
75.04	21.83
75.06	21.94
75.09	22.02
75.11	22.06
75.14	22.15
75.16	22.25
75.18	22.30
75.21	22.38
75.23	22.49
75.26	22.56
75.28	22.63
75.31	22.75
75.33	22.84
75.36	22.89
75.38	23.00
75.40	23.10
75.43	23.17
75.45	23.27
75.48	23.39
75.50	23.46
75.53	23.55
75.55	23.68
75.57	23.77
75.60	23.85
75.62	23.97
75.65	24.08
75.67	24.15
75.70	24.27
75.72	24.39
75.75	24.46
75.77	24.58
75.79	24.71
75.82	24.81
75.84	24.91
75.87	25.05
75.89	25.17
75.92	25.26
75.94	25.39
75.97	25.52
75.99	25.61
76.01	25.73
76.04	25.88
76.06	25.98
76.09	26.09
76.11	26.24
76.14	26.35
76.16	26.46
76.19	26.62
76.21	26.75
76.23	26.85
76.26	26.98
76.28	27.13
76.31	27.23
76.33	27.36
76.36	27.52
76.38	27.64
76.41	27.76
76.43	27.92
76.45	28.07
76.48	28.17
76.50	28.32
76.53	28.47
76.55	28.57
76.58	28.71
76.60	28.88
76.62	28.99
76.65	29.11
76.67	29.29
76.70	29.42
76.72	29.54
76.75	29.71
76.77	29.85
76.80	29.96
76.82	30.10
76.84	30.26
76.87	30.37
76.89	30.50
76.92	30.68
76.94	30.81
76.97	30.94
76.99	31.12
77.02	31.27
77.04	31.38
77.06	31.55
77.09	31.71
77.11	31.82
77.14	31.97
77.16	32.15
77.19	32.28
77.21	32.42
77.24	32.60
77.26	32.75
77.28	32.88
77.31	33.07
77.33	33.23
77.36	33.36
77.38	33.52
77.41	33.70
77.43	33.83
77.46	33.99
77.48	34.19
77.50	34.35
77.53	34.49
77.55	34.69
77.58	34.86
77.60	34.99
77.63	35.18
77.65	35.36
77.68	35.50
77.70	35.66
77.72	35.86
77.75	36.01
77.77	36.17
77.80	36.38
77.82	36.55
77.85	36.70
77.87	36.90
77.89	37.09
77.92	37.24
77.94	37.42
77.97	37.62
77.99	37.76
78.02	37.93
78.04	38.14
78.07	38.30
78.09	38.47
78.11	38.69
78.14	38.88
78.16	39.03
78.19	39.23
78.21	39.43
78.24	39.58
78.26	39.75
78.29	39.97
78.31	40.14
78.33	40.31
78.36	40.53
78.38	40.72
78.41	40.88
78.43	41.10
78.46	41.30
78.48	41.46
78.51	41.65
78.53	41.87
78.55	42.02
78.58	42.20
78.60	42.44
78.63	42.62
78.65	42.79
78.68	43.02
78.70	43.22
78.73	43.39
78.75	43.62
78.77	43.82
78.80	43.98
78.82	44.17
78.85	44.39
78.87	44.59
78.90	44.78
78.92	45.02
78.94	45.23
78.97	45.40
78.99	45.63
79.02	45.85
79.04	46.03
79.07	46.24
79.09	46.46
79.12	46.64
79.14	46.83
79.16	47.07
79.19	47.25
79.21	47.43
79.24	47.66
79.26	47.82
79.29	47.99
79.31	48.18
79.34	48.34
79.36	48.47
79.38	48.64
79.41	48.78
79.43	48.89
79.46	49.03
79.48	49.17
79.51	49.26
79.53	49.35
79.56	49.47
79.58	49.54
79.60	49.59
79.63	49.69
79.65	49.75
79.68	49.77
79.70	49.83
79.73	49.89
79.75	49.90
79.78	49.92
79.80	49.96
79.82	49.96
79.85	49.96
79.87	49.99
79.90	49.99
79.92	49.99
79.95	49.99
79.97	49.99
79.99	49.99
80.02	49.99
80.04	49.99
80.07	49.99
80.09	49.99
80.12	49.99
80.14	49.99
80.17	49.99
80.19	49.99
80.21	49.99
80.24	49.99
80.26	49.99
80.29	49.99
80.31	49.99
80.34	49.99
80.36	49.99
80.39	49.99
80.41	49.99
80.43	49.99
80.46	49.99
80.48	49.99
80.51	49.99
80.53	49.99
80.56	49.99
80.58	49.99
80.61	49.99
80.63	49.99
80.65	49.99
80.68	49.99
80.70	49.99
80.73	49.99
80.75	49.99
80.78	49.99
80.80	49.99
80.83	49.99
80.85	49.99
80.87	49.99
80.90	49.99
80.92	49.99
80.95	49.99
80.97	49.99
81.00	49.99
81.02	49.99
81.04	49.99
81.07	49.99
81.09	49.99
81.12	49.99
81.14	49.99
81.17	49.99
81.19	49.99
81.22	49.99
81.24	49.99
81.26	49.99
81.29	49.99
81.31	49.99
81.34	49.99
81.36	49.99
81.39	49.99
81.41	49.99
81.44	49.99
81.46	49.99
81.48	49.99
81.51	49.99
81.53	49.99
81.56	49.99
81.58	49.99
81.61	49.99
81.63	49.99
81.66	49.99
81.68	49.99
81.70	49.99
81.73	49.99
81.75	49.99
81.78	49.99
81.80	49.99
81.83	49.99
81.85	49.99
81.88	49.99
81.90	49.99
81.92	49.99
81.95	49.99
81.97	49.99
82.00	49.99
82.02	49.99
82.05	49.99
82.07	49.99
82.10	49.99
82.12	49.99
82.14	49.99
82.17	49.99
82.19	49.99
82.22	49.99
82.24	49.99
82.27	49.99
82.29	49.99
82.31	49.99
82.34	49.99
82.36	49.99
82.39	49.99
82.41	49.99
82.44	49.99
82.46	49.99
82.49	49.99
82.51	49.99
82.53	49.99
82.56	49.99
82.58	49.99
82.61	49.99
82.63	49.99
82.66	49.99
82.68	49.99
82.71	49.99
82.73	49.99
82.75	49.99
82.78	49.99
82.80	49.99
82.83	49.99
82.85	49.99
82.88	49.99
82.90	49.99
82.93	49.99
82.95	49.99
82.97	49.99
83.00	49.99
83.02	49.99
83.05	49.99
83.07	49.99
83.10	49.99
83.12	49.99
83.15	49.99
83.17	49.99
83.19	49.99
83.22	49.99
83.24	49.99
83.27	49.99
83.29	49.99
83.32	49.99
83.34	49.99
83.36	49.99
83.39	49.99
83.41	49.99
83.44	49.99
83.46	49.99
83.49	49.99
83.51	49.99
83.54	49.99
83.56	49.99
83.58	49.99
83.61	49.99
83.63	49.99
83.66	49.99
83.68	49.99
83.71	49.99
83.73	49.99
83.76	49.99
83.78	49.99
83.80	49.99
83.83	49.99
83.85	49.99
83.88	49.99
83.90	49.99
83.93	49.99
83.95	49.99
83.98	49.99
84.00	49.99
84.02	49.99
84.05	49.99
84.07	49.99
84.10	49.99
84.12	49.99
84.15	49.99
84.17	49.99
84.20	49.99
84.22	49.99
84.24	49.99
84.27	49.99
84.29	49.99
84.32	49.99
84.34	49.99
84.37	49.99
84.39	49.99
84.41	49.99
84.44	49.99
84.46	49.99
84.49	49.99
84.51	49.99
84.54	49.99
84.56	49.99
84.59	49.99
84.61	49.99
84.63	49.99
84.66	49.99
84.68	49.99
84.71	49.99
84.73	49.99
84.76	49.99
84.78	49.99
84.81	49.99
84.83	49.99
84.85	49.99
84.88	49.99
84.90	49.99
84.93	49.99
84.95	49.99
84.98	49.99
85.00	49.99
85.03	49.99
85.05	49.99
85.07	49.99
85.10	49.99
85.12	49.99
85.15	49.99
85.17	49.99
85.20	49.99
85.22	49.99
85.25	49.99
85.27	49.99
85.29	49.99
85.32	49.99
85.34	49.99
85.37	49.99
85.39	49.99
85.42	49.99
85.44	49.99
85.47	49.99
85.49	49.99
85.51	49.99
85.54	49.99
85.56	49.99
85.59	49.99
85.61	49.99
85.64	49.99
85.66	49.99
85.68	49.99
85.71	49.99
85.73	49.99
85.76	49.99
85.78	49.99
85.81	49.99
85.83	49.99
85.86	49.99
85.88	49.99
85.90	49.99
85.93	49.99
85.95	49.99
85.98	49.99
86.00	49.99
86.03	49.99
86.05	49.99
86.08	49.99
86.10	49.99
86.12	49.99
86.15	49.99
86.17	49.99
86.20	49.99
86.22	49.99
86.25	49.99
86.27	49.99
86.30	49.99
86.32	49.99
86.34	49.99
86.37	49.99
86.39	49.99
86.42	49.99
86.44	49.99
86.47	49.99
86.49	49.99
86.52	49.99
86.54	49.99
86.56	49.99
86.59	49.99
86.61	49.99
86.64	49.99
86.66	49.99
86.69	49.99
86.71	49.99
86.73	49.99
86.76	49.99
86.78	49.99
86.81	49.99
86.83	49.99
86.86	49.99
86.88	49.99
86.91	49.99
86.93	49.99
86.95	49.99
86.98	49.99
87.00	49.99
87.03	49.99
87.05	49.99
87.08	49.99
87.10	49.99
87.13	49.99
87.15	49.99
87.17	49.99
87.20	49.99
87.22	49.99
87.25	49.99
87.27	49.99
87.30	49.99
87.32	49.99
87.35	49.99
87.37	49.99
87.39	49.99
87.42	49.99
87.44	49.99
87.47	49.99
87.49	49.99
87.52	49.99
87.54	49.99
87.57	49.99
87.59	49.99
87.61	49.99
87.64	49.99
87.66	49.99
87.69	49.99
87.71	49.99
87.74	49.99
87.76	49.99
87.78	49.99
87.81	49.99
87.83	49.99
87.86	49.99
87.88	49.99
87.91	49.99
87.93	49.99
87.96	49.99
87.98	49.99
88.00	49.99
88.03	49.99
88.05	49.99
88.08	49.99
88.10	49.99
88.13	49.99
88.15	49.99
88.18	49.99
88.20	49.99
88.22	49.99
88.25	49.99
88.27	49.99
88.30	49.99
88.32	49.99
88.35	49.99
88.37	49.99
88.40	49.99
88.42	49.99
88.44	49.99
88.47	49.99
88.49	49.99
88.52	49.99
88.54	49.99
88.57	49.99
88.59	49.99
88.62	49.99
88.64	49.99
88.66	49.99
88.69	49.99
88.71	49.99
88.74	49.99
88.76	49.99
88.79	49.99
88.81	49.99
88.83	49.99
88.86	49.99
88.88	49.99
88.91	49.99
88.93	49.99
88.96	49.99
88.98	49.99
89.01	49.99
89.03	49.99
89.05	49.99
89.08	49.99
89.10	49.99
89.13	49.99
89.15	49.99
89.18	49.99
89.20	49.99
89.23	49.99
89.25	49.99
89.27	49.99
89.30	49.99
89.32	49.99
89.35	49.99
89.37	49.99
89.40	49.99
89.42	49.99
89.45	49.99
89.47	49.99
89.49	49.99
89.52	49.99
89.54	49.99
89.57	49.99
89.59	49.99
89.62	49.99
89.64	49.99
89.67	49.99
89.69	49.99
89.71	49.99
89.74	49.99
89.76	49.99
89.79	49.99
89.81	49.99
89.84	49.99
89.86	49.99
89.89	49.99
89.91	49.99
89.93	49.99
89.96	49.99
89.98	49.99
90.01	49.99
90.03	49.99
90.06	49.99
90.08	49.99
90.10	49.99
90.13	49.99
90.15	49.99
90.18	49.99
90.20	49.99
90.23	49.99
90.25	49.99
90.28	49.99
90.30	49.99
90.32	49.99
90.35	49.99
90.37	49.99
90.40	49.99
90.42	49.99
90.45	49.99
90.47	49.99
90.50	49.99
90.52	49.99
90.54	49.99
90.57	49.99
90.59	49.99
90.62	49.99
90.64	49.99
90.67	49.99
90.69	49.99
90.72	49.99
90.74	49.99
90.76	49.99
90.79	49.99
90.81	49.99
90.84	49.99
90.86	49.99
90.89	49.99
90.91	49.99
90.94	49.99
90.96	49.99
90.98	49.99
91.01	49.99
91.03	49.99
91.06	49.99
91.08	49.99
91.11	49.99
91.13	49.99
91.15	49.99
91.18	49.99
91.20	49.99
91.23	49.99
91.25	49.99
91.28	49.99
91.30	49.99
91.33	49.99
91.35	49.99
91.37	49.99
91.40	49.99
91.42	49.99
91.45	49.99
91.47	49.99
91.50	49.99
91.52	49.99
91.55	49.99
91.57	49.99
91.59	49.99
91.62	49.99
91.64	49.99
91.67	49.99
91.69	49.99
91.72	49.99
91.74	49.99
91.77	49.99
91.79	49.99
91.81	49.99
91.84	49.99
91.86	49.99
91.89	49.99
91.91	49.99
91.94	49.99
91.96	49.99
91.99	49.99
92.01	49.99
92.03	49.99
92.06	49.99
92.08	49.99
92.11	49.99
92.13	49.99
92.16	49.99
92.18	49.99
92.20	49.99
92.23	49.99
92.25	49.99
92.28	49.99
92.30	49.99
92.33	49.99
92.35	49.99
92.38	49.99
92.40	49.99
92.42	49.99
92.45	49.99
92.47	49.99
92.50	49.99
92.52	49.99
92.55	49.99
92.57	49.99
92.60	49.99
92.62	49.99
92.64	49.99
92.67	49.99
92.69	49.99
92.72	49.99
92.74	49.99
92.77	49.99
92.79	49.99
92.82	49.99
92.84	49.99
92.86	49.99
92.89	49.99
92.91	49.99
92.94	49.99
92.96	49.99
92.99	49.99
93.01	49.99
93.04	49.99
93.06	49.99
93.08	49.99
93.11	49.99
93.13	49.99
93.16	49.99
93.18	49.99
93.21	49.99
93.23	49.99
93.25	49.99
93.28	49.99
93.30	49.99
93.33	49.99
93.35	49.99
93.38	49.99
93.40	49.99
93.43	49.99
93.45	49.99
93.47	49.99
93.50	49.99
93.52	49.99
93.55	49.99
93.57	49.99
93.60	49.99
93.62	49.99
93.65	49.99
93.67	49.99
93.69	49.99
93.72	49.99
93.74	49.99
93.77	49.99
93.79	49.99
93.82	49.99
93.84	49.99
93.87	49.99
93.89	49.99
93.91	49.99
93.94	49.99
93.96	49.99
93.99	49.99
94.01	49.99
94.04	49.99
94.06	49.99
94.09	49.99
94.11	49.99
94.13	49.99
94.16	49.99
94.18	49.99
94.21	49.99
94.23	49.99
94.26	49.99
94.28	49.99
94.31	49.99
94.33	49.99
94.35	49.99
94.38	49.99
94.40	49.99
94.43	49.99
94.45	49.99
94.48	49.99
94.50	49.99
94.52	49.99
94.55	49.99
94.57	49.99
94.60	49.99
94.62	49.99
94.65	49.99
94.67	49.99
94.70	49.99
94.72	49.99
94.74	49.99
94.77	49.99
94.79	49.99
94.82	49.99
94.84	49.99
94.87	49.99
94.89	49.99
94.92	49.99
94.94	49.99
94.96	49.99
94.99	49.99
95.01	49.99
95.04	49.99
95.06	49.99
95.09	49.99
95.11	49.99
95.14	49.99
95.16	49.99
95.18	49.99
95.21	49.99
95.23	49.99
95.26	49.99
95.28	49.99
95.31	49.99
95.33	49.99
95.36	49.99
95.38	49.99
95.40	49.99
95.43	49.99
95.45	49.99
95.48	49.99
95.50	49.99
95.53	49.99
95.55	49.99
95.57	49.99
95.60	49.99
95.62	49.99
95.65	49.99
95.67	49.99
95.70	49.99
95.72	49.99
95.75	49.99
95.77	49.99
95.79	49.99
95.82	49.99
95.84	49.99
95.87	49.99
95.89	49.99
95.92	49.99
95.94	49.99
95.97	49.99
95.99	49.99
96.01	49.99
96.04	49.99
96.06	49.99
96.09	49.99
96.11	49.99
96.14	49.99
96.16	49.99
96.19	49.99
96.21	49.99
96.23	49.99
96.26	49.99
96.28	49.99
96.31	49.99
96.33	49.99
96.36	49.99
96.38	49.99
96.41	49.99
96.43	49.99
96.45	49.99
96.48	49.99
96.50	49.99
96.53	49.99
96.55	49.99
96.58	49.99
96.60	49.99
96.62	49.99
96.65	49.99
96.67	49.99
96.70	49.99
96.72	49.99
96.75	49.99
96.77	49.99
96.80	49.99
96.82	49.99
96.84	49.99
96.87	49.99
96.89	49.99
96.92	49.99
96.94	49.99
96.97	49.99
96.99	49.99
97.02	49.99
97.04	49.99
97.06	49.99
97.09	49.99
97.11	49.99
97.14	49.99
97.16	49.99
97.19	49.99
97.21	49.99
97.24	49.99
97.26	49.99
97.28	49.99
97.31	49.99
97.33	49.99
97.36	49.99
97.38	49.99
97.41	49.99
97.43	49.99
97.46	49.99
97.48	49.99
97.50	49.99
97.53	49.99
97.55	49.99
97.58	49.99
97.60	49.99
97.63	49.99
97.65	49.99
97.68	49.99
97.70	49.99
97.72	49.99
97.75	49.99
97.77	49.99
97.80	49.99
97.82	49.99
97.85	49.99
97.87	49.99
97.89	49.99
97.92	49.99
97.94	49.99
97.97	49.99
97.99	49.99
98.02	49.99
98.04	49.99
98.07	49.99
98.09	49.99
98.11	49.99
98.14	49.99
98.16	49.99
98.19	49.99
98.21	49.99
98.24	49.99
98.26	49.99
98.29	49.99
98.31	49.99
98.33	49.99
98.36	49.99
98.38	49.99
98.41	49.99
98.43	49.99
98.46	49.99
98.48	49.99
98.51	49.99
98.53	49.99
98.55	49.99
98.58	49.99
98.60	49.99
98.63	49.99
98.65	49.99
98.68	49.99
98.70	49.99
98.73	49.99
98.75	49.99
98.77	49.99
98.80	49.99
98.82	49.99
98.85	49.99
98.87	49.99
98.90	49.99
98.92	49.99
98.94	49.99
98.97	49.99
98.99	49.99
99.02	49.99
99.04	49.99
99.07	49.99
99.09	49.99
99.12	49.99
99.14	49.99
99.16	49.99
99.19	49.99
99.21	49.99
99.24	49.99
99.26	49.99
99.29	49.99
99.31	49.99
99.34	49.99
99.36	49.99
99.38	49.99
99.41	49.99
99.43	49.99
99.46	49.99
99.48	49.99
99.51	49.99
99.53	49.99
99.56	49.99
99.58	49.99
99.60	49.99
99.63	49.99
99.65	49.99
99.68	49.99
99.70	49.99
99.73	49.99
99.75	49.99
99.78	49.99
99.80	49.99
99.82	49.99
99.85	49.99
99.87	49.99
99.90	49.99
