#U1/V	IA/nA
0.02	0.06
0.04	0.06
0.07	0.07
0.09	0.07
0.12	0.07
0.14	0.08
0.17	0.08
0.19	0.08
0.21	0.10
0.24	0.10
0.26	0.10
0.29	0.10
0.31	0.11
0.34	0.11
0.36	0.11
0.39	0.12
0.41	0.11
0.43	0.11
0.46	0.13
0.48	0.12
0.51	0.12
0.53	0.13
0.56	0.12
0.58	0.12
0.61	0.12
0.63	0.12
0.65	0.12
0.68	0.12
0.70	0.14
0.73	0.13
0.75	0.13
0.78	0.15
0.80	0.13
0.83	0.13
0.85	0.13
0.87	0.12
0.90	0.11
0.92	0.12
0.95	0.13
0.97	0.12
1.00	0.12
1.02	0.14
1.05	0.13
1.07	0.13
1.09	0.14
1.12	0.12
1.14	0.12
1.17	0.12
1.19	0.11
1.22	0.11
1.24	0.11
1.26	0.13
1.29	0.12
1.31	0.12
1.34	0.14
1.36	0.12
1.39	0.12
1.41	0.12
1.44	0.12
1.46	0.12
1.48	0.12
1.51	0.13
1.53	0.12
1.56	0.12
1.58	0.13
1.61	0.12
1.63	0.12
1.66	0.13
1.68	0.12
1.70	0.12
1.73	0.12
1.75	0.12
1.78	0.12
1.80	0.12
1.83	0.13
1.85	0.13
1.88	0.13
1.90	0.14
1.92	0.13
1.95	0.13
1.97	0.13
2.00	0.12
2.02	0.12
2.05	0.12
2.07	0.14
2.10	0.12
2.12	0.12
2.14	0.14
2.17	0.13
2.19	0.13
2.22	0.14
2.24	0.13
2.27	0.13
2.29	0.13
2.31	0.13
2.34	0.12
2.36	0.12
2.39	0.14
2.41	0.13
2.44	0.13
2.46	0.14
2.49	0.13
2.51	0.13
2.53	0.13
2.56	0.12
2.58	0.12
2.61	0.12
2.63	0.13
2.66	0.12
2.68	0.12
2.71	0.14
2.73	0.12
2.75	0.12
2.78	0.13
2.80	0.11
2.83	0.11
2.85	0.11
2.88	0.12
2.90	0.11
2.93	0.11
2.95	0.13
2.97	0.12
3.00	0.12
3.02	0.13
3.05	0.11
3.07	0.11
3.10	0.12
3.12	0.11
3.15	0.11
3.17	0.11
3.19	0.12
3.22	0.11
3.24	0.11
3.27	0.13
3.29	0.12
3.32	0.12
3.34	0.12
3.36	0.11
3.39	0.11
3.41	0.11
3.44	0.12
3.46	0.11
3.49	0.11
3.51	0.12
3.54	0.11
3.56	0.11
3.58	0.13
3.61	0.11
3.63	0.11
3.66	0.11
3.68	0.11
3.71	0.11
3.73	0.10
3.76	0.12
3.78	0.11
3.80	0.11
3.83	0.13
3.85	0.11
3.88	0.11
3.90	0.12
3.93	0.11
3.95	0.11
3.98	0.11
4.00	0.12
4.02	0.12
4.05	0.12
4.07	0.13
4.10	0.12
4.12	0.12
4.15	0.13
4.17	0.12
4.20	0.12
4.22	0.12
4.24	0.12
4.27	0.12
4.29	0.12
4.32	0.13
4.34	0.12
4.37	0.12
4.39	0.14
4.42	0.12
4.44	0.12
4.46	0.12
4.49	0.11
4.51	0.11
4.54	0.11
4.56	0.11
4.59	0.11
4.61	0.11
4.63	0.13
4.66	0.11
4.68	0.11
4.71	0.12
4.73	0.11
4.76	0.11
4.78	0.11
4.81	0.11
4.83	0.11
4.85	0.11
4.88	0.12
4.90	0.11
4.93	0.11
4.95	0.13
4.98	0.11
5.00	0.11
5.03	0.12
5.05	0.11
5.07	0.11
5.10	0.11
5.12	0.12
5.15	0.11
5.17	0.11
5.20	0.13
5.22	0.12
5.25	0.12
5.27	0.12
5.29	0.10
5.32	0.10
5.34	0.10
5.37	0.10
5.39	0.10
5.42	0.10
5.44	0.11
5.47	0.10
5.49	0.10
5.51	0.13
5.54	0.11
5.56	0.11
5.59	0.12
5.61	0.11
5.64	0.11
5.66	0.11
5.68	0.12
5.71	0.11
5.73	0.11
5.76	0.13
5.78	0.12
5.81	0.12
5.83	0.12
5.86	0.11
5.88	0.11
5.90	0.11
5.93	0.12
5.95	0.12
5.98	0.12
6.00	0.13
6.03	0.12
6.05	0.12
6.08	0.14
6.10	0.13
6.12	0.13
6.15	0.14
6.17	0.12
6.20	0.12
6.22	0.12
6.25	0.13
6.27	0.12
6.30	0.12
6.32	0.14
6.34	0.12
6.37	0.12
6.39	0.13
6.42	0.11
6.44	0.11
6.47	0.12
6.49	0.12
6.52	0.11
6.54	0.11
6.56	0.12
6.59	0.11
6.61	0.11
6.64	0.13
6.66	0.11
6.69	0.11
6.71	0.12
6.73	0.11
6.76	0.11
6.78	0.11
6.81	0.11
6.83	0.11
6.86	0.11
6.88	0.12
6.91	0.11
6.93	0.11
6.95	0.11
6.98	0.10
7.00	0.10
7.03	0.10
7.05	0.11
7.08	0.11
7.10	0.11
7.13	0.13
7.15	0.12
7.17	0.12
7.20	0.15
7.22	0.13
7.25	0.13
7.27	0.14
7.30	0.14
7.32	0.14
7.35	0.14
7.37	0.14
7.39	0.14
7.42	0.14
7.44	0.16
7.47	0.14
7.49	0.14
7.52	0.16
7.54	0.15
7.57	0.15
7.59	0.15
7.61	0.16
7.64	0.15
7.66	0.15
7.69	0.17
7.71	0.16
7.74	0.16
7.76	0.17
7.78	0.15
7.81	0.15
7.83	0.16
7.86	0.14
7.88	0.14
7.91	0.14
7.93	0.15
7.96	0.14
7.98	0.14
8.00	0.16
8.03	0.15
8.05	0.15
8.08	0.16
8.10	0.13
8.13	0.13
8.15	0.13
8.18	0.13
8.20	0.13
8.22	0.13
8.25	0.15
8.27	0.13
8.30	0.13
8.32	0.14
8.35	0.13
8.37	0.13
8.40	0.13
8.42	0.13
8.44	0.13
8.47	0.13
8.49	0.14
8.52	0.13
8.54	0.13
8.57	0.14
8.59	0.13
8.62	0.13
8.64	0.14
8.66	0.12
8.69	0.12
8.71	0.12
8.74	0.13
8.76	0.13
8.79	0.13
8.81	0.15
8.84	0.13
8.86	0.13
8.88	0.15
8.91	0.13
8.93	0.13
8.96	0.14
8.98	0.13
9.01	0.13
9.03	0.13
9.05	0.15
9.08	0.14
9.10	0.14
9.13	0.16
9.15	0.14
9.18	0.14
9.20	0.15
9.23	0.14
9.25	0.14
9.27	0.14
9.30	0.15
9.32	0.15
9.35	0.15
9.37	0.16
9.40	0.15
9.42	0.15
9.45	0.16
9.47	0.14
9.49	0.14
9.52	0.14
9.54	0.14
9.57	0.14
9.59	0.14
9.62	0.15
9.64	0.14
9.67	0.14
9.69	0.15
9.71	0.13
9.74	0.13
9.76	0.14
9.79	0.13
9.81	0.13
9.84	0.13
9.86	0.14
9.89	0.13
9.91	0.13
9.93	0.14
9.96	0.13
9.98	0.13
10.01	0.14
10.03	0.12
10.06	0.12
10.08	0.13
10.10	0.12
10.13	0.12
10.15	0.12
10.18	0.14
10.20	0.13
10.23	0.13
10.25	0.15
10.28	0.13
10.30	0.13
10.32	0.14
10.35	0.13
10.37	0.13
10.40	0.13
10.42	0.14
10.45	0.13
10.47	0.13
10.50	0.15
10.52	0.14
10.54	0.14
10.57	0.15
10.59	0.14
10.62	0.14
10.64	0.14
10.67	0.13
10.69	0.13
10.72	0.13
10.74	0.15
10.76	0.14
10.79	0.14
10.81	0.15
10.84	0.13
10.86	0.13
10.89	0.14
10.91	0.13
10.94	0.13
10.96	0.13
10.98	0.14
11.01	0.14
11.03	0.14
11.06	0.15
11.08	0.14
11.11	0.14
11.13	0.15
11.15	0.13
11.18	0.13
11.20	0.13
11.23	0.14
11.25	0.14
11.28	0.14
11.30	0.15
11.33	0.15
11.35	0.15
11.37	0.15
11.40	0.13
11.42	0.13
11.45	0.14
11.47	0.13
11.50	0.13
11.52	0.13
11.55	0.14
11.57	0.13
11.59	0.13
11.62	0.15
11.64	0.13
11.67	0.13
11.69	0.14
11.72	0.13
11.74	0.13
11.77	0.13
11.79	0.14
11.81	0.14
11.84	0.14
11.86	0.15
11.89	0.13
11.91	0.13
11.94	0.14
11.96	0.12
11.99	0.12
12.01	0.13
12.03	0.13
12.06	0.13
12.08	0.13
12.11	0.14
12.13	0.13
12.16	0.13
12.18	0.15
12.21	0.13
12.23	0.13
12.25	0.14
12.28	0.13
12.30	0.13
12.33	0.13
12.35	0.13
12.38	0.12
12.40	0.12
12.42	0.15
12.45	0.13
12.47	0.13
12.50	0.14
12.52	0.13
12.55	0.13
12.57	0.13
12.60	0.13
12.62	0.13
12.64	0.13
12.67	0.14
12.69	0.13
12.72	0.13
12.74	0.15
12.77	0.13
12.79	0.13
12.82	0.15
12.84	0.13
12.86	0.13
12.89	0.13
12.91	0.14
12.94	0.13
12.96	0.13
12.99	0.15
13.01	0.14
13.04	0.14
13.06	0.16
13.08	0.14
13.11	0.14
13.13	0.15
13.16	0.14
13.18	0.15
13.21	0.15
13.23	0.16
13.26	0.16
13.28	0.15
13.30	0.17
13.33	0.15
13.35	0.15
13.38	0.16
13.40	0.15
13.43	0.15
13.45	0.15
13.47	0.15
13.50	0.15
13.52	0.15
13.55	0.16
13.57	0.15
13.60	0.15
13.62	0.17
13.65	0.15
13.67	0.15
13.69	0.16
13.72	0.15
13.74	0.15
13.77	0.15
13.79	0.16
13.82	0.15
13.84	0.15
13.87	0.16
13.89	0.14
13.91	0.14
13.94	0.15
13.96	0.15
13.99	0.15
14.01	0.15
14.04	0.16
14.06	0.15
14.09	0.15
14.11	0.17
14.13	0.15
14.16	0.15
14.18	0.17
14.21	0.15
14.23	0.15
14.26	0.16
14.28	0.15
14.31	0.15
14.33	0.15
14.35	0.17
14.38	0.15
14.40	0.15
14.43	0.18
14.45	0.16
14.48	0.16
14.50	0.16
14.52	0.15
14.55	0.15
14.57	0.15
14.60	0.16
14.62	0.15
14.65	0.15
14.67	0.16
14.70	0.15
14.72	0.15
14.74	0.16
14.77	0.14
14.79	0.14
14.82	0.15
14.84	0.14
14.87	0.14
14.89	0.14
14.92	0.15
14.94	0.14
14.96	0.14
14.99	0.15
15.01	0.13
15.04	0.13
15.06	0.14
15.09	0.13
15.11	0.13
15.14	0.13
15.16	0.14
15.18	0.14
15.21	0.14
15.23	0.15
15.26	0.14
15.28	0.14
15.31	0.15
15.33	0.14
15.36	0.14
15.38	0.14
15.40	0.15
15.43	0.14
15.45	0.14
15.48	0.15
15.50	0.15
15.53	0.15
15.55	0.17
15.57	0.15
15.60	0.15
15.62	0.15
15.65	0.15
15.67	0.15
15.70	0.15
15.72	0.16
15.75	0.14
15.77	0.14
15.79	0.16
15.82	0.15
15.84	0.15
15.87	0.16
15.89	0.16
15.92	0.16
15.94	0.16
15.97	0.16
15.99	0.15
16.01	0.15
16.04	0.17
16.06	0.16
16.09	0.16
16.11	0.18
16.14	0.16
16.16	0.16
16.19	0.17
16.21	0.16
16.23	0.16
16.26	0.16
16.28	0.18
16.31	0.17
16.33	0.17
16.36	0.20
16.38	0.18
16.41	0.18
16.43	0.18
16.45	0.16
16.48	0.16
16.50	0.17
16.53	0.16
16.55	0.15
16.58	0.15
16.60	0.18
16.63	0.17
16.65	0.17
16.67	0.18
16.70	0.16
16.72	0.16
16.75	0.17
16.77	0.15
16.80	0.15
16.82	0.15
16.84	0.16
16.87	0.14
16.89	0.14
16.92	0.16
16.94	0.14
16.97	0.14
16.99	0.15
17.02	0.13
17.04	0.13
17.06	0.13
17.09	0.15
17.11	0.14
17.14	0.14
17.16	0.15
17.19	0.14
17.21	0.14
17.24	0.15
17.26	0.12
17.28	0.12
17.31	0.13
17.33	0.12
17.36	0.12
17.38	0.12
17.41	0.13
17.43	0.13
17.46	0.13
17.48	0.15
17.50	0.13
17.53	0.13
17.55	0.14
17.58	0.13
17.60	0.13
17.63	0.13
17.65	0.13
17.68	0.13
17.70	0.13
17.72	0.14
17.75	0.13
17.77	0.13
17.80	0.15
17.82	0.14
17.85	0.14
17.87	0.14
17.89	0.14
17.92	0.14
17.94	0.14
17.97	0.15
17.99	0.15
18.02	0.15
18.04	0.16
18.07	0.15
18.09	0.15
18.11	0.16
18.14	0.14
18.16	0.14
18.19	0.14
18.21	0.15
18.24	0.15
18.26	0.15
18.29	0.16
18.31	0.15
18.33	0.15
18.36	0.15
18.38	0.13
18.41	0.13
18.43	0.14
18.46	0.13
18.48	0.13
18.51	0.13
18.53	0.14
18.55	0.14
18.58	0.14
18.60	0.15
18.63	0.13
18.65	0.13
18.68	0.13
18.70	0.12
18.73	0.12
18.75	0.12
18.77	0.13
18.80	0.12
18.82	0.12
18.85	0.14
18.87	0.12
18.90	0.12
18.92	0.13
18.94	0.11
18.97	0.11
18.99	0.12
19.02	0.12
19.04	0.12
19.07	0.12
19.09	0.13
19.12	0.12
19.14	0.12
19.16	0.14
19.19	0.13
19.21	0.13
19.24	0.14
19.26	0.13
19.29	0.13
19.31	0.13
19.34	0.14
19.36	0.13
19.38	0.13
19.41	0.15
19.43	0.13
19.46	0.13
19.48	0.14
19.51	0.12
19.53	0.12
19.56	0.13
19.58	0.13
19.60	0.13
19.63	0.13
19.65	0.14
19.68	0.13
19.70	0.13
19.73	0.14
19.75	0.13
19.78	0.13
19.80	0.13
19.82	0.11
19.85	0.11
19.87	0.11
19.90	0.12
19.92	0.12
19.95	0.12
19.97	0.13
19.99	0.11
20.02	0.11
20.04	0.12
20.07	0.10
20.09	0.10
20.12	0.10
20.14	0.11
20.17	0.11
20.19	0.11
20.21	0.12
20.24	0.11
20.26	0.11
20.29	0.13
20.31	0.11
20.34	0.11
20.36	0.12
20.39	0.11
20.41	0.11
20.43	0.11
20.46	0.12
20.48	0.12
20.51	0.12
20.53	0.14
20.56	0.12
20.58	0.12
20.61	0.14
20.63	0.12
20.65	0.12
20.68	0.12
20.70	0.13
20.73	0.13
20.75	0.13
20.78	0.15
20.80	0.13
20.83	0.13
20.85	0.14
20.87	0.13
20.90	0.13
20.92	0.13
20.95	0.12
20.97	0.12
21.00	0.12
21.02	0.13
21.05	0.13
21.07	0.13
21.09	0.14
21.12	0.12
21.14	0.12
21.17	0.14
21.19	0.12
21.22	0.12
21.24	0.12
21.26	0.12
21.29	0.12
21.31	0.12
21.34	0.13
21.36	0.12
21.39	0.12
21.41	0.13
21.44	0.11
21.46	0.11
21.48	0.12
21.51	0.12
21.53	0.12
21.56	0.12
21.58	0.12
21.61	0.11
21.63	0.11
21.66	0.13
21.68	0.12
21.70	0.12
21.73	0.13
21.75	0.12
21.78	0.12
21.80	0.12
21.83	0.12
21.85	0.11
21.88	0.11
21.90	0.13
21.92	0.12
21.95	0.12
21.97	0.14
22.00	0.13
22.02	0.13
22.05	0.13
22.07	0.13
22.10	0.13
22.12	0.13
22.14	0.14
22.17	0.14
22.19	0.14
22.22	0.15
22.24	0.14
22.27	0.14
22.29	0.15
22.31	0.13
22.34	0.13
22.36	0.13
22.39	0.15
22.41	0.14
22.44	0.14
22.46	0.16
22.49	0.15
22.51	0.15
22.53	0.16
22.56	0.14
22.58	0.14
22.61	0.15
22.63	0.14
22.66	0.14
22.68	0.14
22.71	0.16
22.73	0.14
22.75	0.14
22.78	0.17
22.80	0.15
22.83	0.15
22.85	0.17
22.88	0.16
22.90	0.16
22.93	0.17
22.95	0.18
22.97	0.17
23.00	0.17
23.02	0.19
23.05	0.17
23.07	0.17
23.10	0.19
23.12	0.18
23.15	0.18
23.17	0.19
23.19	0.20
23.22	0.20
23.24	0.20
23.27	0.21
23.29	0.20
23.32	0.20
23.34	0.22
23.36	0.20
23.39	0.20
23.41	0.22
23.44	0.21
23.46	0.21
23.49	0.21
23.51	0.22
23.54	0.21
23.56	0.21
23.58	0.24
23.61	0.22
23.63	0.22
23.66	0.24
23.68	0.23
23.71	0.23
23.73	0.25
23.76	0.25
23.78	0.24
23.80	0.24
23.83	0.26
23.85	0.25
23.88	0.25
23.90	0.27
23.93	0.26
23.95	0.26
23.98	0.28
24.00	0.28
24.02	0.28
24.05	0.29
24.07	0.29
24.10	0.28
24.12	0.28
24.15	0.30
24.17	0.28
24.20	0.28
24.22	0.31
24.24	0.29
24.27	0.29
24.29	0.31
24.32	0.31
24.34	0.30
24.37	0.30
24.39	0.33
24.42	0.31
24.44	0.31
24.46	0.34
24.49	0.31
24.51	0.31
24.54	0.34
24.56	0.34
24.59	0.33
24.61	0.35
24.63	0.36
24.66	0.34
24.68	0.34
24.71	0.37
24.73	0.35
24.76	0.35
24.78	0.39
24.81	0.38
24.83	0.38
24.85	0.40
24.88	0.41
24.90	0.40
24.93	0.41
24.95	0.43
24.98	0.40
25.00	0.41
25.03	0.45
25.05	0.43
25.07	0.43
25.10	0.46
25.12	0.46
25.15	0.45
25.17	0.47
25.20	0.48
25.22	0.46
25.25	0.47
25.27	0.50
25.29	0.48
25.32	0.48
25.34	0.51
25.37	0.50
25.39	0.50
25.42	0.53
25.44	0.53
25.47	0.51
25.49	0.53
25.51	0.55
25.54	0.53
25.56	0.54
25.59	0.58
25.61	0.56
25.64	0.56
25.66	0.60
25.68	0.59
25.71	0.57
25.73	0.61
25.76	0.62
25.78	0.60
25.81	0.62
25.83	0.65
25.86	0.64
25.88	0.64
25.90	0.67
25.93	0.66
25.95	0.66
25.98	0.69
26.00	0.71
26.03	0.69
26.05	0.71
26.08	0.74
26.10	0.72
26.12	0.73
26.15	0.77
26.17	0.76
26.20	0.76
26.22	0.79
26.25	0.79
26.27	0.77
26.30	0.81
26.32	0.83
26.34	0.81
26.37	0.83
26.39	0.85
26.42	0.83
26.44	0.84
26.47	0.88
26.49	0.87
26.52	0.86
26.54	0.90
26.56	0.92
26.59	0.90
26.61	0.93
26.64	0.95
26.66	0.93
26.69	0.95
26.71	0.99
26.73	0.97
26.76	0.98
26.78	1.02
26.81	1.00
26.83	1.01
26.86	1.07
26.88	1.05
26.91	1.03
26.93	1.09
26.95	1.10
26.98	1.07
27.00	1.11
27.03	1.15
27.05	1.12
27.08	1.15
27.10	1.20
27.13	1.18
27.15	1.17
27.17	1.23
27.20	1.23
27.22	1.21
27.25	1.27
27.27	1.30
27.30	1.26
27.32	1.30
27.35	1.34
27.37	1.31
27.39	1.33
27.42	1.38
27.44	1.37
27.47	1.38
27.49	1.43
27.52	1.42
27.54	1.43
27.57	1.48
27.59	1.48
27.61	1.46
27.64	1.51
27.66	1.53
27.69	1.51
27.71	1.54
27.74	1.58
27.76	1.57
27.78	1.58
27.81	1.62
27.83	1.62
27.86	1.62
27.88	1.66
27.91	1.67
27.93	1.65
27.96	1.69
27.98	1.72
28.00	1.70
28.03	1.73
28.05	1.77
28.08	1.76
28.10	1.76
28.13	1.80
28.15	1.80
28.18	1.80
28.20	1.84
28.22	1.86
28.25	1.85
28.27	1.89
28.30	1.92
28.32	1.90
28.35	1.92
28.37	1.96
28.40	1.95
28.42	1.95
28.44	2.00
28.47	2.01
28.49	2.00
28.52	2.03
28.54	2.06
28.57	2.04
28.59	2.06
28.62	2.11
28.64	2.10
28.66	2.11
28.69	2.14
28.71	2.15
28.74	2.14
28.76	2.17
28.79	2.20
28.81	2.18
28.84	2.20
28.86	2.23
28.88	2.22
28.91	2.22
28.93	2.26
28.96	2.25
28.98	2.25
29.01	2.29
29.03	2.29
29.05	2.27
29.08	2.29
29.10	2.31
29.13	2.30
29.15	2.31
29.18	2.36
29.20	2.34
29.23	2.34
29.25	2.37
29.27	2.36
29.30	2.35
29.32	2.38
29.35	2.39
29.37	2.37
29.40	2.39
29.42	2.42
29.45	2.40
29.47	2.40
29.49	2.44
29.52	2.43
29.54	2.42
29.57	2.46
29.59	2.46
29.62	2.45
29.64	2.47
29.67	2.49
29.69	2.47
29.71	2.48
29.74	2.52
29.76	2.50
29.79	2.50
29.81	2.53
29.84	2.52
29.86	2.50
29.89	2.53
29.91	2.55
29.93	2.52
29.96	2.54
29.98	2.56
30.01	2.54
30.03	2.54
30.06	2.58
30.08	2.57
30.10	2.56
30.13	2.59
30.15	2.59
30.18	2.57
30.20	2.60
30.23	2.61
30.25	2.59
30.28	2.59
30.30	2.63
30.32	2.60
30.35	2.60
30.37	2.63
30.40	2.63
30.42	2.61
30.45	2.63
30.47	2.65
30.50	2.62
30.52	2.64
30.54	2.67
30.57	2.65
30.59	2.65
30.62	2.68
30.64	2.67
30.67	2.65
30.69	2.68
30.72	2.68
30.74	2.66
30.76	2.68
30.79	2.69
30.81	2.67
30.84	2.67
30.86	2.69
30.89	2.67
30.91	2.67
30.94	2.70
30.96	2.69
30.98	2.67
31.01	2.69
31.03	2.71
31.06	2.68
31.08	2.69
31.11	2.73
31.13	2.71
31.15	2.71
31.18	2.73
31.20	2.72
31.23	2.70
31.25	2.73
31.28	2.73
31.30	2.71
31.33	2.73
31.35	2.75
31.37	2.72
31.40	2.73
31.42	2.76
31.45	2.74
31.47	2.73
31.50	2.77
31.52	2.77
31.55	2.74
31.57	2.77
31.59	2.78
31.62	2.76
31.64	2.77
31.67	2.79
31.69	2.76
31.72	2.76
31.74	2.79
31.77	2.77
31.79	2.75
31.81	2.79
31.84	2.79
31.86	2.76
31.89	2.78
31.91	2.80
31.94	2.78
31.96	2.78
31.99	2.81
32.01	2.80
32.03	2.79
32.06	2.82
32.08	2.82
32.11	2.79
32.13	2.81
32.16	2.82
32.18	2.80
32.20	2.80
32.23	2.83
32.25	2.80
32.28	2.79
32.30	2.81
32.33	2.82
32.35	2.80
32.38	2.82
32.40	2.82
32.42	2.79
32.45	2.81
32.47	2.82
32.50	2.78
32.52	2.79
32.55	2.81
32.57	2.79
32.60	2.77
32.62	2.79
32.64	2.78
32.67	2.74
32.69	2.75
32.72	2.76
32.74	2.73
32.77	2.72
32.79	2.74
32.82	2.70
32.84	2.69
32.86	2.71
32.89	2.70
32.91	2.67
32.94	2.68
32.96	2.68
32.99	2.63
33.01	2.63
33.04	2.65
33.06	2.61
33.08	2.60
33.11	2.60
33.13	2.58
33.16	2.56
33.18	2.57
33.21	2.55
33.23	2.51
33.26	2.52
33.28	2.51
33.30	2.47
33.33	2.46
33.35	2.48
33.38	2.44
33.40	2.42
33.43	2.43
33.45	2.40
33.47	2.37
33.50	2.37
33.52	2.37
33.55	2.33
33.57	2.33
33.60	2.33
33.62	2.28
33.65	2.27
33.67	2.28
33.69	2.25
33.72	2.21
33.74	2.23
33.77	2.22
33.79	2.17
33.82	2.17
33.84	2.17
33.87	2.13
33.89	2.11
33.91	2.11
33.94	2.08
33.96	2.05
33.99	2.07
34.01	2.04
34.04	2.00
34.06	2.01
34.09	2.00
34.11	1.96
34.13	1.95
34.16	1.95
34.18	1.91
34.21	1.88
34.23	1.90
34.26	1.87
34.28	1.84
34.31	1.85
34.33	1.84
34.35	1.79
34.38	1.79
34.40	1.78
34.43	1.74
34.45	1.72
34.48	1.73
34.50	1.70
34.52	1.67
34.55	1.68
34.57	1.66
34.60	1.62
34.62	1.63
34.65	1.62
34.67	1.58
34.70	1.56
34.72	1.58
34.74	1.53
34.77	1.51
34.79	1.53
34.82	1.50
34.84	1.47
34.87	1.47
34.89	1.46
34.92	1.41
34.94	1.41
34.96	1.42
34.99	1.38
35.01	1.37
35.04	1.38
35.06	1.35
35.09	1.32
35.11	1.34
35.14	1.31
35.16	1.27
35.18	1.28
35.21	1.27
35.23	1.23
35.26	1.23
35.28	1.24
35.31	1.20
35.33	1.18
35.36	1.20
35.38	1.17
35.40	1.14
35.43	1.15
35.45	1.14
35.48	1.10
35.50	1.10
35.53	1.11
35.55	1.07
35.57	1.06
35.60	1.07
35.62	1.03
35.65	0.99
35.67	1.01
35.70	0.99
35.72	0.95
35.75	0.96
35.77	0.96
35.79	0.92
35.82	0.91
35.84	0.92
35.87	0.89
35.89	0.87
35.92	0.88
35.94	0.86
35.97	0.82
35.99	0.83
36.01	0.83
36.04	0.78
36.06	0.79
36.09	0.80
36.11	0.75
36.14	0.74
36.16	0.74
36.19	0.72
36.21	0.69
36.23	0.71
36.26	0.70
36.28	0.66
36.31	0.68
36.33	0.68
36.36	0.64
36.38	0.63
36.41	0.65
36.43	0.62
36.45	0.60
36.48	0.62
36.50	0.61
36.53	0.58
36.55	0.59
36.58	0.59
36.60	0.56
36.62	0.56
36.65	0.57
36.67	0.53
36.70	0.52
36.72	0.54
36.75	0.51
36.77	0.50
36.80	0.52
36.82	0.52
36.84	0.48
36.87	0.49
36.89	0.50
36.92	0.46
36.94	0.46
36.97	0.47
36.99	0.45
37.02	0.44
37.04	0.46
37.06	0.44
37.09	0.42
37.11	0.43
37.14	0.44
37.16	0.41
37.19	0.41
37.21	0.42
37.24	0.39
37.26	0.38
37.28	0.41
37.31	0.39
37.33	0.39
37.36	0.40
37.38	0.39
37.41	0.37
37.43	0.37
37.46	0.37
37.48	0.34
37.50	0.34
37.53	0.36
37.55	0.33
37.58	0.33
37.60	0.35
37.63	0.34
37.65	0.33
37.68	0.33
37.70	0.33
37.72	0.31
37.75	0.31
37.77	0.33
37.80	0.30
37.82	0.30
37.85	0.32
37.87	0.29
37.89	0.29
37.92	0.30
37.94	0.30
37.97	0.28
37.99	0.28
38.02	0.29
38.04	0.27
38.07	0.27
38.09	0.28
38.11	0.27
38.14	0.27
38.16	0.28
38.19	0.27
38.21	0.26
38.24	0.27
38.26	0.27
38.29	0.25
38.31	0.25
38.33	0.27
38.36	0.24
38.38	0.24
38.41	0.26
38.43	0.25
38.46	0.25
38.48	0.26
38.51	0.27
38.53	0.25
38.55	0.25
38.58	0.27
38.60	0.25
38.63	0.25
38.65	0.28
38.68	0.26
38.70	0.26
38.73	0.29
38.75	0.30
38.77	0.29
38.80	0.30
38.82	0.32
38.85	0.30
38.87	0.30
38.90	0.34
38.92	0.33
38.94	0.33
38.97	0.37
38.99	0.37
39.02	0.37
39.04	0.39
39.07	0.41
39.09	0.41
39.12	0.41
39.14	0.45
39.16	0.44
39.19	0.45
39.21	0.49
39.24	0.50
39.26	0.50
39.29	0.53
39.31	0.55
39.34	0.54
39.36	0.56
39.38	0.59
39.41	0.58
39.43	0.59
39.46	0.64
39.48	0.63
39.51	0.63
39.53	0.68
39.56	0.69
39.58	0.68
39.60	0.72
39.63	0.74
39.65	0.73
39.68	0.75
39.70	0.79
39.73	0.78
39.75	0.79
39.78	0.83
39.80	0.83
39.82	0.83
39.85	0.87
39.87	0.88
39.90	0.87
39.92	0.91
39.95	0.93
39.97	0.92
39.99	0.94
40.02	0.97
40.04	0.97
40.07	0.97
40.09	1.01
40.12	1.02
40.14	1.01
40.17	1.06
40.19	1.07
40.21	1.06
40.24	1.09
40.26	1.12
40.29	1.10
40.31	1.12
40.34	1.16
40.36	1.15
40.39	1.15
40.41	1.19
40.43	1.21
40.46	1.19
40.48	1.23
40.51	1.25
40.53	1.23
40.56	1.26
40.58	1.30
40.61	1.30
40.63	1.30
40.65	1.35
40.68	1.36
40.70	1.35
40.73	1.40
40.75	1.41
40.78	1.40
40.80	1.43
40.83	1.46
40.85	1.45
40.87	1.46
40.90	1.50
40.92	1.50
40.95	1.51
40.97	1.55
41.00	1.57
41.02	1.56
41.05	1.60
41.07	1.63
41.09	1.62
41.12	1.64
41.14	1.67
41.17	1.66
41.19	1.68
41.22	1.72
41.24	1.72
41.26	1.71
41.29	1.76
41.31	1.77
41.34	1.76
41.36	1.79
41.39	1.83
41.41	1.82
41.44	1.82
41.46	1.87
41.48	1.87
41.51	1.88
41.53	1.92
41.56	1.94
41.58	1.93
41.61	1.95
41.63	1.98
41.66	1.97
41.68	1.97
41.70	2.01
41.73	2.00
41.75	2.01
41.78	2.05
41.80	2.07
41.83	2.06
41.85	2.10
41.88	2.11
41.90	2.11
41.92	2.14
41.95	2.17
41.97	2.16
42.00	2.17
42.02	2.21
42.05	2.20
42.07	2.20
42.10	2.25
42.12	2.25
42.14	2.24
42.17	2.27
42.19	2.30
42.22	2.28
42.24	2.30
42.27	2.35
42.29	2.34
42.31	2.35
42.34	2.40
42.36	2.41
42.39	2.39
42.41	2.43
42.44	2.45
42.46	2.44
42.49	2.47
42.51	2.49
42.53	2.47
42.56	2.48
42.58	2.52
42.61	2.52
42.63	2.52
42.66	2.56
42.68	2.57
42.71	2.55
42.73	2.59
42.75	2.61
42.78	2.60
42.80	2.62
42.83	2.66
42.85	2.64
42.88	2.65
42.90	2.69
42.93	2.69
42.95	2.68
42.97	2.72
43.00	2.75
43.02	2.73
43.05	2.75
43.07	2.78
43.10	2.76
43.12	2.77
43.15	2.80
43.17	2.81
43.19	2.80
43.22	2.85
43.24	2.86
43.27	2.84
43.29	2.87
43.32	2.89
43.34	2.88
43.36	2.89
43.39	2.94
43.41	2.92
43.44	2.93
43.46	2.96
43.49	2.97
43.51	2.96
43.54	3.00
43.56	3.02
43.58	3.00
43.61	3.01
43.63	3.04
43.66	3.02
43.68	3.03
43.71	3.08
43.73	3.08
43.76	3.07
43.78	3.11
43.80	3.12
43.83	3.10
43.85	3.13
43.88	3.15
43.90	3.13
43.93	3.14
43.95	3.18
43.98	3.17
44.00	3.17
44.02	3.21
44.05	3.20
44.07	3.19
44.10	3.22
44.12	3.24
44.15	3.21
44.17	3.23
44.20	3.26
44.22	3.25
44.24	3.26
44.27	3.30
44.29	3.29
44.32	3.28
44.34	3.32
44.37	3.32
44.39	3.30
44.41	3.33
44.44	3.36
44.46	3.34
44.49	3.35
44.51	3.39
44.54	3.38
44.56	3.38
44.59	3.42
44.61	3.42
44.63	3.40
44.66	3.43
44.68	3.45
44.71	3.43
44.73	3.45
44.76	3.49
44.78	3.45
44.81	3.46
44.83	3.50
44.85	3.49
44.88	3.48
44.90	3.52
44.93	3.52
44.95	3.51
44.98	3.53
45.00	3.55
45.03	3.53
45.05	3.55
45.07	3.58
45.10	3.56
45.12	3.56
45.15	3.60
45.17	3.59
45.20	3.57
45.22	3.60
45.25	3.62
45.27	3.60
45.29	3.62
45.32	3.66
45.34	3.63
45.37	3.63
45.39	3.66
45.42	3.65
45.44	3.67
45.47	3.70
45.49	3.71
45.51	3.69
45.54	3.71
45.56	3.73
45.59	3.70
45.61	3.71
45.64	3.74
45.66	3.73
45.68	3.72
45.71	3.76
45.73	3.76
45.76	3.75
45.78	3.77
45.81	3.79
45.83	3.77
45.86	3.79
45.88	3.82
45.90	3.80
45.93	3.81
45.95	3.84
45.98	3.83
46.00	3.83
46.03	3.86
46.05	3.87
46.08	3.84
46.10	3.86
46.12	3.89
46.15	3.87
46.17	3.89
46.20	3.93
46.22	3.91
46.25	3.90
46.27	3.95
46.30	3.94
46.32	3.92
46.34	3.96
46.37	3.97
46.39	3.95
46.42	3.96
46.44	3.99
46.47	3.97
46.49	3.97
46.52	4.01
46.54	4.00
46.56	3.98
46.59	4.01
46.61	4.02
46.64	3.99
46.66	4.01
46.69	4.04
46.71	4.01
46.73	4.03
46.76	4.06
46.78	4.04
46.81	4.03
46.83	4.06
46.86	4.06
46.88	4.04
46.91	4.07
46.93	4.08
46.95	4.06
46.98	4.07
47.00	4.10
47.03	4.08
47.05	4.08
47.08	4.11
47.10	4.10
47.13	4.09
47.15	4.12
47.17	4.13
47.20	4.11
47.22	4.14
47.25	4.16
47.27	4.13
47.30	4.15
47.32	4.18
47.35	4.16
47.37	4.16
47.39	4.20
47.42	4.19
47.44	4.18
47.47	4.21
47.49	4.22
47.52	4.20
47.54	4.21
47.57	4.24
47.59	4.22
47.61	4.22
47.64	4.26
47.66	4.24
47.69	4.24
47.71	4.27
47.74	4.28
47.76	4.26
47.78	4.28
47.81	4.30
47.83	4.28
47.86	4.28
47.88	4.31
47.91	4.30
47.93	4.29
47.96	4.33
47.98	4.33
48.00	4.30
48.03	4.32
48.05	4.33
48.08	4.31
48.10	4.32
48.13	4.35
48.15	4.33
48.18	4.32
48.20	4.36
48.22	4.35
48.25	4.33
48.27	4.36
48.30	4.37
48.32	4.34
48.35	4.35
48.37	4.37
48.40	4.35
48.42	4.35
48.44	4.38
48.47	4.37
48.49	4.36
48.52	4.40
48.54	4.40
48.57	4.37
48.59	4.40
48.62	4.41
48.64	4.38
48.66	4.40
48.69	4.43
48.71	4.41
48.74	4.40
48.76	4.43
48.79	4.42
48.81	4.40
48.84	4.43
48.86	4.44
48.88	4.42
48.91	4.44
48.93	4.45
48.96	4.42
48.98	4.42
49.01	4.46
49.03	4.44
49.05	4.43
49.08	4.45
49.10	4.45
49.13	4.42
49.15	4.44
49.18	4.45
49.20	4.42
49.23	4.43
49.25	4.44
49.27	4.41
49.30	4.40
49.32	4.43
49.35	4.41
49.37	4.38
49.40	4.41
49.42	4.40
49.45	4.37
49.47	4.38
49.49	4.39
49.52	4.35
49.54	4.34
49.57	4.36
49.59	4.33
49.62	4.31
49.64	4.33
49.67	4.31
49.69	4.28
49.71	4.29
49.74	4.29
49.76	4.25
49.79	4.25
49.81	4.26
49.84	4.22
49.86	4.20
49.89	4.22
49.91	4.20
49.93	4.16
49.96	4.18
49.98	4.16
50.01	4.14
50.03	4.14
50.06	4.13
50.08	4.10
50.10	4.08
50.13	4.10
50.15	4.07
50.18	4.04
50.20	4.06
50.23	4.05
50.25	4.00
50.28	4.01
50.30	4.01
50.32	3.97
50.35	3.97
50.37	3.97
50.40	3.94
50.42	3.92
50.45	3.93
50.47	3.91
50.50	3.87
50.52	3.90
50.54	3.88
50.57	3.85
50.59	3.85
50.62	3.86
50.64	3.82
50.67	3.79
50.69	3.81
50.72	3.78
50.74	3.75
50.76	3.77
50.79	3.75
50.81	3.71
50.84	3.72
50.86	3.72
50.89	3.67
50.91	3.67
50.94	3.68
50.96	3.64
50.98	3.62
51.01	3.63
51.03	3.62
51.06	3.58
51.08	3.58
51.11	3.57
51.13	3.53
51.15	3.53
51.18	3.53
51.20	3.48
51.23	3.46
51.25	3.48
51.28	3.44
51.30	3.41
51.33	3.42
51.35	3.41
51.37	3.37
51.40	3.37
51.42	3.36
51.45	3.32
51.47	3.30
51.50	3.32
51.52	3.28
51.55	3.26
51.57	3.27
51.59	3.24
51.62	3.20
51.64	3.21
51.67	3.20
51.69	3.15
51.72	3.15
51.74	3.14
51.77	3.10
51.79	3.08
51.81	3.09
51.84	3.06
51.86	3.03
51.89	3.04
51.91	3.01
51.94	2.97
51.96	2.98
51.99	2.98
52.01	2.93
52.03	2.92
52.06	2.93
52.08	2.88
52.11	2.86
52.13	2.87
52.16	2.85
52.18	2.81
52.20	2.82
52.23	2.81
52.25	2.77
52.28	2.77
52.30	2.77
52.33	2.73
52.35	2.71
52.38	2.73
52.40	2.70
52.42	2.67
52.45	2.69
52.47	2.67
52.50	2.63
52.52	2.63
52.55	2.63
52.57	2.59
52.60	2.58
52.62	2.59
52.64	2.54
52.67	2.52
52.69	2.53
52.72	2.51
52.74	2.48
52.77	2.49
52.79	2.48
52.82	2.44
52.84	2.43
52.86	2.44
52.89	2.39
52.91	2.37
52.94	2.38
52.96	2.35
52.99	2.32
53.01	2.33
53.04	2.31
53.06	2.27
53.08	2.28
53.11	2.27
53.13	2.23
53.16	2.21
53.18	2.23
53.21	2.18
53.23	2.16
53.26	2.18
53.28	2.16
53.30	2.11
53.33	2.12
53.35	2.11
53.38	2.07
53.40	2.07
53.43	2.08
53.45	2.03
53.47	2.02
53.50	2.01
53.52	1.98
53.55	1.95
53.57	1.96
53.60	1.95
53.62	1.90
53.65	1.91
53.67	1.91
53.69	1.87
53.72	1.86
53.74	1.87
53.77	1.83
53.79	1.81
53.82	1.83
53.84	1.80
53.87	1.76
53.89	1.77
53.91	1.75
53.94	1.71
53.96	1.75
53.99	1.73
54.01	1.68
54.04	1.69
54.06	1.70
54.09	1.63
54.11	1.63
54.13	1.65
54.16	1.62
54.18	1.60
54.21	1.63
54.23	1.59
54.26	1.55
54.28	1.58
54.31	1.57
54.33	1.51
54.35	1.53
54.38	1.54
54.40	1.48
54.43	1.47
54.45	1.50
54.48	1.45
54.50	1.43
54.52	1.46
54.55	1.44
54.57	1.40
54.60	1.42
54.62	1.40
54.65	1.37
54.67	1.39
54.70	1.38
54.72	1.33
54.74	1.34
54.77	1.34
54.79	1.31
54.82	1.30
54.84	1.31
54.87	1.28
54.89	1.26
54.92	1.28
54.94	1.26
54.96	1.24
54.99	1.26
55.01	1.25
55.04	1.22
55.06	1.24
55.09	1.25
55.11	1.22
55.14	1.21
55.16	1.23
55.18	1.21
55.21	1.19
55.23	1.21
55.26	1.20
55.28	1.17
55.31	1.20
55.33	1.21
55.36	1.18
55.38	1.20
55.40	1.23
55.43	1.20
55.45	1.19
55.48	1.23
55.50	1.23
55.53	1.20
55.55	1.23
55.57	1.25
55.60	1.22
55.62	1.23
55.65	1.26
55.67	1.24
55.70	1.24
55.72	1.28
55.75	1.27
55.77	1.25
55.79	1.29
55.82	1.30
55.84	1.26
55.87	1.29
55.89	1.32
55.92	1.29
55.94	1.30
55.97	1.34
55.99	1.32
56.01	1.32
56.04	1.36
56.06	1.33
56.09	1.32
56.11	1.36
56.14	1.37
56.16	1.35
56.19	1.37
56.21	1.40
56.23	1.37
56.26	1.37
56.28	1.41
56.31	1.39
56.33	1.38
56.36	1.41
56.38	1.41
56.41	1.39
56.43	1.43
56.45	1.45
56.48	1.42
56.50	1.44
56.53	1.47
56.55	1.45
56.58	1.44
56.60	1.49
56.62	1.48
56.65	1.46
56.67	1.50
56.70	1.50
56.72	1.50
56.75	1.51
56.77	1.53
56.80	1.52
56.82	1.52
56.84	1.56
56.87	1.54
56.89	1.53
56.92	1.57
56.94	1.58
56.97	1.55
56.99	1.58
57.02	1.60
57.04	1.58
57.06	1.59
57.09	1.63
57.11	1.62
57.14	1.62
57.16	1.66
57.19	1.66
57.21	1.64
57.24	1.68
57.26	1.68
57.28	1.67
57.31	1.69
57.33	1.72
57.36	1.71
57.38	1.71
57.41	1.76
57.43	1.76
57.46	1.75
57.48	1.79
57.50	1.80
57.53	1.78
57.55	1.81
57.58	1.84
57.60	1.82
57.63	1.85
57.65	1.88
57.68	1.87
57.70	1.88
57.72	1.92
57.75	1.92
57.77	1.91
57.80	1.96
57.82	1.98
57.85	1.96
57.87	2.00
57.89	2.03
57.92	2.02
57.94	2.03
57.97	2.06
57.99	2.06
58.02	2.06
58.04	2.11
58.07	2.11
58.09	2.10
58.11	2.13
58.14	2.16
58.16	2.15
58.19	2.17
58.21	2.21
58.24	2.20
58.26	2.21
58.29	2.25
58.31	2.26
58.33	2.25
58.36	2.30
58.38	2.31
58.41	2.30
58.43	2.33
58.46	2.35
58.48	2.33
58.51	2.35
58.53	2.39
58.55	2.39
58.58	2.39
58.60	2.44
58.63	2.45
58.65	2.43
58.68	2.46
58.70	2.48
58.73	2.47
58.75	2.50
58.77	2.54
58.80	2.52
58.82	2.53
58.85	2.57
58.87	2.58
58.90	2.57
58.92	2.62
58.94	2.64
58.97	2.62
58.99	2.65
59.02	2.67
59.04	2.66
59.07	2.68
59.09	2.72
59.12	2.72
59.14	2.72
59.16	2.77
59.19	2.78
59.21	2.77
59.24	2.81
59.26	2.83
59.29	2.82
59.31	2.85
59.34	2.89
59.36	2.88
59.38	2.88
59.41	2.92
59.43	2.93
59.46	2.93
59.48	2.98
59.51	3.00
59.53	2.99
59.56	3.02
59.58	3.05
59.60	3.03
59.63	3.05
59.65	3.09
59.68	3.10
59.70	3.10
59.73	3.14
59.75	3.16
59.78	3.15
59.80	3.19
59.82	3.22
59.85	3.21
59.87	3.23
59.90	3.27
59.92	3.25
59.95	3.24
59.97	3.29
59.99	3.30
60.02	3.29
60.04	3.33
60.07	3.36
60.09	3.35
60.12	3.38
60.14	3.40
60.17	3.39
60.19	3.41
60.21	3.45
60.24	3.45
60.26	3.45
60.29	3.49
60.31	3.50
60.34	3.50
60.36	3.54
60.39	3.57
60.41	3.55
60.43	3.57
60.46	3.61
60.48	3.60
60.51	3.61
60.53	3.66
60.56	3.66
60.58	3.66
60.61	3.72
60.63	3.73
60.65	3.72
60.68	3.76
60.70	3.79
60.73	3.78
60.75	3.79
60.78	3.84
60.80	3.83
60.83	3.83
60.85	3.88
60.87	3.89
60.90	3.88
60.92	3.92
60.95	3.94
60.97	3.94
61.00	3.95
61.02	3.99
61.05	3.98
61.07	3.99
61.09	4.03
61.12	4.03
61.14	4.03
61.17	4.08
61.19	4.09
61.22	4.08
61.24	4.12
61.26	4.15
61.29	4.13
61.31	4.15
61.34	4.19
61.36	4.19
61.39	4.19
61.41	4.23
61.44	4.25
61.46	4.23
61.48	4.28
61.51	4.30
61.53	4.29
61.56	4.31
61.58	4.35
61.61	4.34
61.63	4.35
61.66	4.40
61.68	4.40
61.70	4.41
61.73	4.44
61.75	4.46
61.78	4.45
61.80	4.48
61.83	4.50
61.85	4.49
61.88	4.50
61.90	4.54
61.92	4.53
61.95	4.54
61.97	4.59
62.00	4.60
62.02	4.58
62.05	4.62
62.07	4.64
62.10	4.63
62.12	4.65
62.14	4.70
62.17	4.69
62.19	4.70
62.22	4.74
62.24	4.73
62.27	4.73
62.29	4.78
62.31	4.79
62.34	4.78
62.36	4.81
62.39	4.84
62.41	4.83
62.44	4.85
62.46	4.90
62.49	4.89
62.51	4.90
62.53	4.94
62.56	4.94
62.58	4.94
62.61	4.98
62.63	5.00
62.66	4.99
62.68	5.02
62.71	5.03
62.73	5.02
62.75	5.02
62.78	5.07
62.80	5.06
62.83	5.06
62.85	5.10
62.88	5.12
62.90	5.11
62.93	5.14
62.95	5.17
62.97	5.16
63.00	5.17
63.02	5.22
63.05	5.20
63.07	5.20
63.10	5.25
63.12	5.26
63.15	5.24
63.17	5.28
63.19	5.31
63.22	5.30
63.24	5.32
63.27	5.35
63.29	5.34
63.32	5.35
63.34	5.39
63.36	5.42
63.39	5.41
63.41	5.45
63.44	5.47
63.46	5.45
63.49	5.48
63.51	5.51
63.54	5.49
63.56	5.51
63.58	5.56
63.61	5.55
63.63	5.55
63.66	5.59
63.68	5.60
63.71	5.58
63.73	5.62
63.76	5.64
63.78	5.62
63.80	5.65
63.83	5.69
63.85	5.68
63.88	5.69
63.90	5.73
63.93	5.73
63.95	5.71
63.98	5.76
64.00	5.77
64.02	5.75
64.05	5.79
64.07	5.82
64.10	5.81
64.12	5.83
64.15	5.87
64.17	5.85
64.20	5.86
64.22	5.90
64.24	5.90
64.27	5.89
64.29	5.92
64.32	5.94
64.34	5.93
64.37	5.96
64.39	5.99
64.41	5.98
64.44	6.00
64.46	6.03
64.49	6.02
64.51	6.02
64.54	6.06
64.56	6.08
64.59	6.06
64.61	6.10
64.63	6.12
64.66	6.11
64.68	6.12
64.71	6.16
64.73	6.14
64.76	6.15
64.78	6.19
64.81	6.19
64.83	6.19
64.85	6.22
64.88	6.24
64.90	6.22
64.93	6.25
64.95	6.28
64.98	6.26
65.00	6.27
65.03	6.31
65.05	6.30
65.07	6.30
65.10	6.34
65.12	6.35
65.15	6.33
65.17	6.36
65.20	6.38
65.22	6.36
65.25	6.38
65.27	6.42
65.29	6.39
65.32	6.39
65.34	6.44
65.37	6.44
65.39	6.42
65.42	6.45
65.44	6.47
65.47	6.45
65.49	6.47
65.51	6.50
65.54	6.48
65.56	6.49
65.59	6.53
65.61	6.52
65.64	6.51
65.66	6.56
65.68	6.56
65.71	6.53
65.73	6.57
65.76	6.58
65.78	6.56
65.81	6.58
65.83	6.61
65.86	6.59
65.88	6.59
65.90	6.62
65.93	6.61
65.95	6.61
65.98	6.64
66.00	6.65
66.03	6.62
66.05	6.65
66.08	6.67
66.10	6.64
66.12	6.65
66.15	6.68
66.17	6.67
66.20	6.66
66.22	6.68
66.25	6.68
66.27	6.64
66.30	6.67
66.32	6.67
66.34	6.65
66.37	6.66
66.39	6.69
66.42	6.66
66.44	6.65
66.47	6.68
66.49	6.68
66.52	6.66
66.54	6.69
66.56	6.70
66.59	6.67
66.61	6.68
66.64	6.69
66.66	6.66
66.69	6.66
66.71	6.68
66.73	6.66
66.76	6.65
66.78	6.68
66.81	6.67
66.83	6.64
66.86	6.67
66.88	6.68
66.91	6.65
66.93	6.66
66.95	6.68
66.98	6.65
67.00	6.64
67.03	6.67
67.05	6.65
67.08	6.63
67.10	6.66
67.13	6.65
67.15	6.62
67.17	6.62
67.20	6.64
67.22	6.60
67.25	6.60
67.27	6.64
67.30	6.62
67.32	6.61
67.35	6.63
67.37	6.63
67.39	6.59
67.42	6.61
67.44	6.61
67.47	6.58
67.49	6.59
67.52	6.60
67.54	6.57
67.57	6.56
67.59	6.58
67.61	6.57
67.64	6.53
67.66	6.56
67.69	6.55
67.71	6.52
67.74	6.53
67.76	6.54
67.78	6.51
67.81	6.51
67.83	6.53
67.86	6.50
67.88	6.48
67.91	6.50
67.93	6.48
67.96	6.45
67.98	6.47
68.00	6.47
68.03	6.43
68.05	6.44
68.08	6.45
68.10	6.41
68.13	6.39
68.15	6.41
68.18	6.39
68.20	6.36
68.22	6.38
68.25	6.37
68.27	6.33
68.30	6.35
68.32	6.36
68.35	6.32
68.37	6.30
68.40	6.33
68.42	6.29
68.44	6.27
68.47	6.28
68.49	6.27
68.52	6.23
68.54	6.24
68.57	6.24
68.59	6.20
68.62	6.20
68.64	6.21
68.66	6.17
68.69	6.15
68.71	6.16
68.74	6.15
68.76	6.11
68.79	6.13
68.81	6.12
68.83	6.08
68.86	6.07
68.88	6.08
68.91	6.04
68.93	6.03
68.96	6.05
68.98	6.02
69.01	6.00
69.03	6.01
69.05	5.99
69.08	5.96
69.10	5.97
69.13	5.96
69.15	5.92
69.18	5.92
69.20	5.93
69.23	5.89
69.25	5.88
69.27	5.89
69.30	5.86
69.32	5.82
69.35	5.84
69.37	5.83
69.40	5.79
69.42	5.80
69.45	5.80
69.47	5.76
69.49	5.75
69.52	5.78
69.54	5.74
69.57	5.72
69.59	5.74
69.62	5.71
69.64	5.67
69.67	5.67
69.69	5.67
69.71	5.63
69.74	5.63
69.76	5.65
69.79	5.60
69.81	5.59
69.84	5.60
69.86	5.58
69.89	5.54
69.91	5.56
69.93	5.55
69.96	5.50
69.98	5.51
70.01	5.51
70.03	5.47
70.06	5.46
70.08	5.47
70.10	5.44
70.13	5.41
70.15	5.42
70.18	5.39
70.20	5.35
70.23	5.37
70.25	5.36
70.28	5.31
70.30	5.32
70.32	5.32
70.35	5.28
70.37	5.26
70.40	5.27
70.42	5.24
70.45	5.21
70.47	5.23
70.50	5.21
70.52	5.16
70.54	5.17
70.57	5.16
70.59	5.12
70.62	5.11
70.64	5.13
70.67	5.09
70.69	5.06
70.72	5.07
70.74	5.05
70.76	5.00
70.79	5.01
70.81	5.00
70.84	4.96
70.86	4.96
70.89	4.97
70.91	4.92
70.94	4.91
70.96	4.92
70.98	4.89
71.01	4.86
71.03	4.87
71.06	4.85
71.08	4.81
71.11	4.81
71.13	4.81
71.15	4.77
71.18	4.76
71.20	4.77
71.23	4.73
71.25	4.71
71.28	4.72
71.30	4.69
71.33	4.65
71.35	4.67
71.37	4.66
71.40	4.62
71.42	4.62
71.45	4.63
71.47	4.59
71.50	4.56
71.52	4.58
71.55	4.55
71.57	4.52
71.59	4.53
71.62	4.52
71.64	4.48
71.67	4.49
71.69	4.49
71.72	4.45
71.74	4.44
71.77	4.44
71.79	4.41
71.81	4.38
71.84	4.40
71.86	4.39
71.89	4.36
71.91	4.38
71.94	4.37
71.96	4.34
71.99	4.34
72.01	4.35
72.03	4.32
72.06	4.31
72.08	4.33
72.11	4.30
72.13	4.28
72.16	4.30
72.18	4.29
72.20	4.26
72.23	4.28
72.25	4.29
72.28	4.25
72.30	4.25
72.33	4.27
72.35	4.25
72.38	4.23
72.40	4.26
72.42	4.26
72.45	4.22
72.47	4.25
72.50	4.25
72.52	4.22
72.55	4.22
72.57	4.24
72.60	4.21
72.62	4.20
72.64	4.23
72.67	4.21
72.69	4.19
72.72	4.21
72.74	4.21
72.77	4.18
72.79	4.20
72.82	4.21
72.84	4.17
72.86	4.17
72.89	4.19
72.91	4.16
72.94	4.15
72.96	4.18
72.99	4.17
73.01	4.13
73.04	4.15
73.06	4.15
73.08	4.12
73.11	4.14
73.13	4.15
73.16	4.11
73.18	4.11
73.21	4.14
73.23	4.11
73.25	4.09
73.28	4.11
73.30	4.10
73.33	4.07
73.35	4.08
73.38	4.09
73.40	4.06
73.43	4.06
73.45	4.09
73.47	4.06
73.50	4.05
73.52	4.07
73.55	4.06
73.57	4.04
73.60	4.06
73.62	4.06
73.65	4.03
73.67	4.06
73.69	4.07
73.72	4.04
73.74	4.03
73.77	4.07
73.79	4.05
73.82	4.04
73.84	4.07
73.87	4.06
73.89	4.04
73.91	4.06
73.94	4.07
73.96	4.05
73.99	4.06
74.01	4.07
74.04	4.04
74.06	4.04
74.09	4.08
74.11	4.07
74.13	4.05
74.16	4.09
74.18	4.10
74.21	4.07
74.23	4.09
74.26	4.12
74.28	4.10
74.31	4.10
74.33	4.14
74.35	4.12
74.38	4.11
74.40	4.16
74.43	4.15
74.45	4.13
74.48	4.16
74.50	4.18
74.52	4.16
74.55	4.18
74.57	4.22
74.60	4.20
74.62	4.20
74.65	4.23
74.67	4.25
74.70	4.23
74.72	4.27
74.74	4.28
74.77	4.26
74.79	4.28
74.82	4.30
74.84	4.28
74.87	4.30
74.89	4.34
74.92	4.33
74.94	4.32
74.96	4.35
74.99	4.36
75.01	4.34
75.04	4.37
75.06	4.39
75.09	4.37
75.11	4.40
75.14	4.43
75.16	4.41
75.18	4.41
75.21	4.44
75.23	4.44
75.26	4.44
75.28	4.47
75.31	4.49
75.33	4.47
75.36	4.51
75.38	4.53
75.40	4.51
75.43	4.53
75.45	4.56
75.48	4.55
75.50	4.55
75.53	4.59
75.55	4.59
75.57	4.57
75.60	4.61
75.62	4.63
75.65	4.61
75.67	4.63
75.70	4.67
75.72	4.65
75.75	4.66
75.77	4.70
75.79	4.70
75.82	4.70
75.84	4.74
75.87	4.75
75.89	4.74
75.92	4.76
75.94	4.79
75.97	4.78
75.99	4.79
76.01	4.83
76.04	4.83
76.06	4.83
76.09	4.87
76.11	4.89
76.14	4.88
76.16	4.92
76.19	4.94
76.21	4.93
76.23	4.96
76.26	5.01
76.28	4.99
76.31	5.01
76.33	5.06
76.36	5.06
76.38	5.05
76.41	5.09
76.43	5.11
76.45	5.09
76.48	5.14
76.50	5.17
76.53	5.16
76.55	5.18
76.58	5.22
76.60	5.22
76.62	5.23
76.65	5.27
76.67	5.29
76.70	5.27
76.72	5.33
76.75	5.35
76.77	5.34
76.80	5.36
76.82	5.39
76.84	5.39
76.87	5.40
76.89	5.45
76.92	5.44
76.94	5.45
76.97	5.50
76.99	5.52
77.02	5.50
77.04	5.55
77.06	5.58
77.09	5.57
77.11	5.59
77.14	5.64
77.16	5.64
77.19	5.65
77.21	5.70
77.24	5.71
77.26	5.70
77.28	5.74
77.31	5.77
77.33	5.77
77.36	5.80
77.38	5.83
77.41	5.83
77.43	5.84
77.46	5.90
77.48	5.90
77.50	5.90
77.53	5.95
77.55	5.98
77.58	5.97
77.60	5.99
77.63	6.03
77.65	6.02
77.68	6.06
77.70	6.10
77.72	6.10
77.75	6.12
77.77	6.16
77.80	6.18
77.82	6.17
77.85	6.23
77.87	6.25
77.89	6.25
77.92	6.29
77.94	6.33
77.97	6.33
77.99	6.34
78.02	6.39
78.04	6.40
78.07	6.41
78.09	6.46
78.11	6.48
78.14	6.48
78.16	6.52
78.19	6.56
78.21	6.55
78.24	6.59
78.26	6.64
78.29	6.64
78.31	6.65
78.33	6.70
78.36	6.72
78.38	6.72
78.41	6.77
78.43	6.81
78.46	6.81
78.48	6.85
78.51	6.89
78.53	6.88
78.55	6.90
78.58	6.96
78.60	6.97
78.63	6.98
78.65	7.04
78.68	7.06
78.70	7.06
78.73	7.11
78.75	7.15
78.77	7.15
78.80	7.18
78.82	7.22
78.85	7.22
78.87	7.24
78.90	7.29
78.92	7.32
78.94	7.32
78.97	7.37
78.99	7.41
79.02	7.41
79.04	7.45
79.07	7.49
79.09	7.49
79.12	7.51
79.14	7.57
79.16	7.59
79.19	7.59
79.21	7.65
79.24	7.68
79.26	7.68
79.29	7.73
79.31	7.77
79.34	7.76
79.36	7.79
79.38	7.85
79.41	7.85
79.43	7.87
79.46	7.93
79.48	7.96
79.51	7.96
79.53	8.02
79.56	8.06
79.58	8.06
79.60	8.10
79.63	8.15
79.65	8.15
79.68	8.18
79.70	8.24
79.73	8.25
79.75	8.26
79.78	8.32
79.80	8.34
79.82	8.34
79.85	8.40
79.87	8.44
79.90	8.45
79.92	8.47
79.95	8.53
79.97	8.53
79.99	8.56
80.02	8.61
80.04	8.64
80.07	8.65
80.09	8.70
80.12	8.74
80.14	8.74
80.17	8.78
80.19	8.83
80.21	8.83
80.24	8.85
80.26	8.91
80.29	8.92
80.31	8.93
80.34	8.99
80.36	9.02
80.39	9.03
80.41	9.08
80.43	9.12
80.46	9.12
80.48	9.16
80.51	9.21
80.53	9.21
80.56	9.23
80.58	9.30
80.61	9.32
80.63	9.34
80.65	9.40
80.68	9.44
80.70	9.44
80.73	9.48
80.75	9.54
80.78	9.54
80.80	9.58
80.83	9.63
80.85	9.65
80.87	9.67
80.90	9.73
80.92	9.77
80.95	9.76
80.97	9.82
81.00	9.86
81.02	9.85
81.04	9.92
81.07	9.96
81.09	9.95
81.12	10.01
81.14	10.07
81.17	10.05
81.19	10.10
81.22	10.18
81.24	10.17
81.26	10.18
81.29	10.27
81.31	10.28
81.34	10.28
81.36	10.33
81.39	10.39
81.41	10.37
81.44	10.41
81.46	10.48
81.48	10.48
81.51	10.50
81.53	10.58
81.56	10.60
81.58	10.60
81.61	10.68
81.63	10.71
81.66	10.70
81.68	10.78
81.70	10.80
81.73	10.81
81.75	10.87
81.78	10.91
81.80	10.92
81.83	10.97
81.85	11.02
81.88	11.03
81.90	11.06
81.92	11.12
81.95	11.13
81.97	11.15
82.00	11.21
82.02	11.25
82.05	11.24
82.07	11.30
82.10	11.34
82.12	11.35
82.14	11.39
82.17	11.44
82.19	11.45
82.22	11.46
82.24	11.52
82.27	11.55
82.29	11.56
82.31	11.62
82.34	11.66
82.36	11.66
82.39	11.70
82.41	11.76
82.44	11.76
82.46	11.78
82.49	11.85
82.51	11.86
82.53	11.87
82.56	11.92
82.58	11.95
82.61	11.96
82.63	12.01
82.66	12.05
82.68	12.05
82.71	12.10
82.73	12.15
82.75	12.15
82.78	12.17
82.80	12.23
82.83	12.25
82.85	12.26
82.88	12.32
82.90	12.35
82.93	12.35
82.95	12.39
82.97	12.44
83.00	12.44
83.02	12.46
83.05	12.52
83.07	12.52
83.10	12.53
83.12	12.59
83.15	12.60
83.17	12.59
83.19	12.64
83.22	12.68
83.24	12.68
83.27	12.71
83.29	12.76
83.32	12.76
83.34	12.77
83.36	12.83
83.39	12.85
83.41	12.85
83.44	12.91
83.46	12.94
83.49	12.94
83.51	12.98
83.54	13.02
83.56	13.02
83.58	13.04
83.61	13.09
83.63	13.09
83.66	13.10
83.68	13.15
83.71	13.17
83.73	13.17
83.76	13.21
83.78	13.25
83.80	13.25
83.83	13.29
83.85	13.33
83.88	13.33
83.90	13.34
83.93	13.40
83.95	13.41
83.98	13.41
84.00	13.46
84.02	13.48
84.05	13.48
84.07	13.51
84.10	13.55
84.12	13.55
84.15	13.56
84.17	13.61
84.20	13.60
84.22	13.61
84.24	13.66
84.27	13.68
84.29	13.68
84.32	13.72
84.34	13.75
84.37	13.74
84.39	13.77
84.41	13.82
84.44	13.81
84.46	13.82
84.49	13.87
84.51	13.88
84.54	13.88
84.56	13.93
84.59	13.95
84.61	13.93
84.63	13.97
84.66	14.00
84.68	13.99
84.71	14.01
84.73	14.06
84.76	14.06
84.78	14.06
84.81	14.10
84.83	14.12
84.85	14.11
84.88	14.14
84.90	14.17
84.93	14.15
84.95	14.18
84.98	14.22
85.00	14.21
85.03	14.21
85.05	14.26
85.07	14.26
85.10	14.24
85.12	14.28
85.15	14.30
85.17	14.29
85.20	14.31
85.22	14.34
85.25	14.33
85.27	14.34
85.29	14.38
85.32	14.38
85.34	14.37
85.37	14.42
85.39	14.41
85.42	14.40
85.44	14.44
85.47	14.46
85.49	14.44
85.51	14.46
85.54	14.51
85.56	14.49
85.59	14.49
85.61	14.53
85.64	14.51
85.66	14.50
85.68	14.54
85.71	14.56
85.73	14.53
85.76	14.57
85.78	14.59
85.81	14.57
85.83	14.58
85.86	14.62
85.88	14.61
85.90	14.60
85.93	14.63
85.95	14.64
85.98	14.63
86.00	14.66
86.03	14.68
86.05	14.66
86.08	14.67
86.10	14.71
86.12	14.69
86.15	14.69
86.17	14.72
86.20	14.72
86.22	14.71
86.25	14.74
86.27	14.75
86.30	14.75
86.32	14.75
86.34	14.78
86.37	14.76
86.39	14.77
86.42	14.79
86.44	14.78
86.47	14.77
86.49	14.80
86.52	14.80
86.54	14.78
86.56	14.80
86.59	14.82
86.61	14.80
86.64	14.80
86.66	14.83
86.69	14.81
86.71	14.80
86.73	14.84
86.76	14.82
86.78	14.81
86.81	14.83
86.83	14.84
86.86	14.81
86.88	14.83
86.91	14.84
86.93	14.81
86.95	14.81
86.98	14.85
87.00	14.84
87.03	14.82
87.05	14.85
87.08	14.85
87.10	14.82
87.13	14.85
87.15	14.86
87.17	14.83
87.20	14.84
87.22	14.86
87.25	14.83
87.27	14.82
87.30	14.86
87.32	14.84
87.35	14.82
87.37	14.85
87.39	14.86
87.42	14.82
87.44	14.83
87.47	14.85
87.49	14.82
87.52	14.82
87.54	14.84
87.57	14.82
87.59	14.80
87.61	14.82
87.64	14.82
87.66	14.78
87.69	14.80
87.71	14.81
87.74	14.77
87.76	14.77
87.78	14.79
87.81	14.76
87.83	14.75
87.86	14.78
87.88	14.76
87.91	14.74
87.93	14.76
87.96	14.76
87.98	14.72
88.00	14.73
88.03	14.74
88.05	14.70
88.08	14.69
88.10	14.71
88.13	14.70
88.15	14.68
88.18	14.70
88.20	14.70
88.22	14.66
88.25	14.68
88.27	14.69
88.30	14.66
88.32	14.67
88.35	14.70
88.37	14.67
88.40	14.65
88.42	14.68
88.44	14.67
88.47	14.64
88.49	14.66
88.52	14.67
88.54	14.63
88.57	14.64
88.59	14.67
88.62	14.63
88.64	14.63
88.66	14.65
88.69	14.63
88.71	14.61
88.74	14.64
88.76	14.64
88.79	14.61
88.81	14.64
88.83	14.65
88.86	14.62
88.88	14.63
88.91	14.66
88.93	14.63
88.96	14.62
88.98	14.65
89.01	14.63
89.03	14.61
89.05	14.64
89.08	14.64
89.10	14.63
89.13	14.64
89.15	14.66
89.18	14.63
89.20	14.62
89.23	14.66
89.25	14.64
89.27	14.62
89.30	14.65
89.32	14.66
89.35	14.63
89.37	14.65
89.40	14.66
89.42	14.64
89.45	14.64
89.47	14.65
89.49	14.62
89.52	14.61
89.54	14.64
89.57	14.62
89.59	14.60
89.62	14.63
89.64	14.63
89.67	14.59
89.69	14.60
89.71	14.62
89.74	14.59
89.76	14.57
89.79	14.60
89.81	14.58
89.84	14.56
89.86	14.58
89.89	14.58
89.91	14.54
89.93	14.56
89.96	14.56
89.98	14.52
90.01	14.53
90.03	14.55
90.06	14.52
90.08	14.50
90.10	14.53
90.13	14.52
90.15	14.50
90.18	14.52
90.20	14.52
90.23	14.49
90.25	14.50
90.28	14.51
90.30	14.48
90.32	14.47
90.35	14.51
90.37	14.48
90.40	14.47
90.42	14.49
90.45	14.49
90.47	14.46
90.50	14.48
90.52	14.50
90.54	14.47
90.57	14.48
90.59	14.50
90.62	14.48
90.64	14.48
90.67	14.51
90.69	14.50
90.72	14.48
90.74	14.52
90.76	14.52
90.79	14.50
90.81	14.49
90.84	14.52
90.86	14.50
90.89	14.50
90.91	14.54
90.94	14.53
90.96	14.52
90.98	14.56
91.01	14.56
91.03	14.54
91.06	14.57
91.08	14.59
91.11	14.56
91.13	14.58
91.15	14.61
91.18	14.59
91.20	14.59
91.23	14.63
91.25	14.63
91.28	14.61
91.30	14.65
91.33	14.66
91.35	14.64
91.37	14.66
91.40	14.69
91.42	14.67
91.45	14.66
91.47	14.72
91.50	14.71
91.52	14.69
91.55	14.74
91.57	14.75
91.59	14.72
91.62	14.75
91.64	14.77
91.67	14.75
91.69	14.76
91.72	14.79
91.74	14.77
91.77	14.77
91.79	14.80
91.81	14.79
91.84	14.78
91.86	14.82
91.89	14.83
91.91	14.81
91.94	14.83
91.96	14.85
91.99	14.83
92.01	14.83
92.03	14.87
92.06	14.86
92.08	14.85
92.11	14.89
92.13	14.89
92.16	14.87
92.18	14.90
92.20	14.93
92.23	14.90
92.25	14.92
92.28	14.96
92.30	14.94
92.33	14.94
92.35	14.98
92.38	14.98
92.40	14.96
92.42	15.00
92.45	15.03
92.47	15.00
92.50	15.03
92.52	15.06
92.55	15.05
92.57	15.06
92.60	15.10
92.62	15.09
92.64	15.10
92.67	15.15
92.69	15.16
92.72	15.14
92.74	15.18
92.77	15.21
92.79	15.20
92.82	15.22
92.84	15.27
92.86	15.26
92.89	15.27
92.91	15.32
92.94	15.33
92.96	15.32
92.99	15.37
93.01	15.40
93.04	15.38
93.06	15.42
93.08	15.46
93.11	15.45
93.13	15.47
93.16	15.52
93.18	15.52
93.21	15.52
93.23	15.57
93.25	15.59
93.28	15.57
93.30	15.62
93.33	15.65
93.35	15.64
93.38	15.66
93.40	15.72
93.43	15.71
93.45	15.72
93.47	15.77
93.50	15.78
93.52	15.78
93.55	15.82
93.57	15.84
93.60	15.83
93.62	15.87
93.65	15.90
93.67	15.90
93.69	15.92
93.72	15.97
93.74	15.97
93.77	15.97
93.79	16.03
93.82	16.05
93.84	16.03
93.87	16.08
93.89	16.12
93.91	16.11
93.94	16.14
93.96	16.19
93.99	16.19
94.01	16.20
94.04	16.26
94.06	16.27
94.09	16.28
94.11	16.33
94.13	16.36
94.16	16.36
94.18	16.40
94.21	16.45
94.23	16.45
94.26	16.48
94.28	16.53
94.31	16.55
94.33	16.55
94.35	16.61
94.38	16.63
94.40	16.63
94.43	16.69
94.45	16.73
94.48	16.72
94.50	16.76
94.52	16.82
94.55	16.82
94.57	16.84
94.60	16.91
94.62	16.92
94.65	16.93
94.67	16.99
94.70	17.03
94.72	17.03
94.74	17.08
94.77	17.13
94.79	17.12
94.82	17.15
94.84	17.21
94.87	17.22
94.89	17.24
94.92	17.30
94.94	17.34
94.96	17.33
94.99	17.39
95.01	17.44
95.04	17.44
95.06	17.47
95.09	17.54
95.11	17.55
95.14	17.57
95.16	17.64
95.18	17.66
95.21	17.68
95.23	17.74
95.26	17.78
95.28	17.79
95.31	17.83
95.33	17.88
95.36	17.88
95.38	17.91
95.40	17.98
95.43	18.00
95.45	18.02
95.48	18.09
95.50	18.12
95.53	18.13
95.55	18.19
95.57	18.23
95.60	18.23
95.62	18.28
95.65	18.35
95.67	18.36
95.70	18.38
95.72	18.47
95.75	18.50
95.77	18.51
95.79	18.58
95.82	18.63
95.84	18.63
95.87	18.68
95.89	18.75
95.92	18.76
95.94	18.79
95.97	18.87
95.99	18.90
96.01	18.92
96.04	18.99
96.06	19.04
96.09	19.04
96.11	19.11
96.14	19.16
96.16	19.17
96.19	19.22
96.21	19.29
96.23	19.31
96.26	19.34
96.28	19.42
96.31	19.45
96.33	19.46
96.36	19.55
96.38	19.59
96.41	19.60
96.43	19.66
96.45	19.72
96.48	19.72
96.50	19.77
96.53	19.86
96.55	19.88
96.58	19.91
96.60	19.99
96.62	20.03
96.65	20.04
96.67	20.11
96.70	20.17
96.72	20.18
96.75	20.24
96.77	20.31
96.80	20.33
96.82	20.37
96.84	20.46
96.87	20.50
96.89	20.53
96.92	20.61
96.94	20.66
96.97	20.68
96.99	20.74
97.02	20.81
97.04	20.82
97.06	20.87
97.09	20.96
97.11	20.97
97.14	21.00
97.16	21.08
97.19	21.13
97.21	21.14
97.24	21.22
97.26	21.28
97.28	21.29
97.31	21.35
97.33	21.44
97.36	21.46
97.38	21.50
97.41	21.59
97.43	21.63
97.46	21.65
97.48	21.73
97.50	21.79
97.53	21.81
97.55	21.88
97.58	21.95
97.60	21.97
97.63	22.01
97.65	22.10
97.68	22.13
97.70	22.16
97.72	22.25
97.75	22.30
97.77	22.34
97.80	22.41
97.82	22.49
97.85	22.50
97.87	22.56
97.89	22.64
97.92	22.66
97.94	22.71
97.97	22.79
97.99	22.84
98.02	22.86
98.04	22.95
98.07	23.00
98.09	23.02
98.11	23.09
98.14	23.17
98.16	23.20
98.19	23.24
98.21	23.33
98.24	23.37
98.26	23.41
98.29	23.50
98.31	23.56
98.33	23.59
98.36	23.67
98.38	23.74
98.41	23.73
98.43	23.80
98.46	23.88
98.48	23.91
98.51	23.96
98.53	24.05
98.55	24.10
98.58	24.12
98.60	24.22
98.63	24.29
98.65	24.30
98.68	24.38
98.70	24.46
98.73	24.48
98.75	24.54
98.77	24.64
98.80	24.67
98.82	24.71
98.85	24.80
98.87	24.85
98.90	24.88
98.92	24.96
98.94	25.03
98.97	25.05
98.99	25.11
99.02	25.21
99.04	25.23
99.07	25.30
99.09	25.39
99.12	25.44
99.14	25.47
99.16	25.57
99.19	25.63
99.21	25.64
99.24	25.72
99.26	25.79
99.29	25.81
99.31	25.86
99.34	25.96
99.36	25.99
99.38	26.02
99.41	26.12
99.43	26.16
99.46	26.18
99.48	26.26
99.51	26.33
99.53	26.35
99.56	26.40
99.58	26.49
99.60	26.54
99.63	26.63
99.65	26.73
99.68	26.77
99.70	26.85
99.73	26.94
99.75	26.99
99.78	27.04
99.80	27.13
99.82	27.18
99.85	27.22
99.87	27.30
99.90	27.37
