#U1/V	IA/nA
0.02	0.10
0.04	0.10
0.07	0.12
0.09	0.12
0.12	0.12
0.14	0.12
0.17	0.14
0.19	0.14
0.21	0.14
0.24	0.16
0.26	0.16
0.29	0.16
0.31	0.18
0.34	0.18
0.36	0.18
0.39	0.20
0.41	0.17
0.43	0.17
0.46	0.18
0.48	0.19
0.51	0.18
0.53	0.18
0.56	0.20
0.58	0.19
0.61	0.19
0.63	0.20
0.65	0.18
0.68	0.18
0.70	0.18
0.73	0.17
0.75	0.17
0.78	0.17
0.80	0.18
0.83	0.17
0.85	0.17
0.87	0.19
0.90	0.17
0.92	0.17
0.95	0.19
0.97	0.17
1.00	0.17
1.02	0.17
1.05	0.17
1.07	0.17
1.09	0.17
1.12	0.18
1.14	0.16
1.17	0.16
1.19	0.19
1.22	0.17
1.24	0.17
1.26	0.17
1.29	0.17
1.31	0.17
1.34	0.17
1.36	0.18
1.39	0.17
1.41	0.17
1.44	0.20
1.46	0.18
1.48	0.18
1.51	0.20
1.53	0.17
1.56	0.17
1.58	0.18
1.61	0.18
1.63	0.17
1.66	0.17
1.68	0.20
1.70	0.18
1.73	0.18
1.75	0.21
1.78	0.19
1.80	0.19
1.83	0.19
1.85	0.17
1.88	0.17
1.90	0.17
1.92	0.18
1.95	0.17
1.97	0.17
2.00	0.19
2.02	0.18
2.05	0.18
2.07	0.20
2.10	0.17
2.12	0.17
2.14	0.20
2.17	0.18
2.19	0.18
2.22	0.20
2.24	0.19
2.27	0.18
2.29	0.20
2.31	0.20
2.34	0.18
2.36	0.19
2.39	0.20
2.41	0.18
2.44	0.18
2.46	0.19
2.49	0.18
2.51	0.18
2.53	0.20
2.56	0.20
2.58	0.18
2.61	0.20
2.63	0.20
2.66	0.18
2.68	0.19
2.71	0.20
2.73	0.18
2.75	0.18
2.78	0.20
2.80	0.18
2.83	0.17
2.85	0.20
2.88	0.18
2.90	0.18
2.93	0.19
2.95	0.17
2.97	0.17
3.00	0.17
3.02	0.17
3.05	0.17
3.07	0.17
3.10	0.19
3.12	0.17
3.15	0.17
3.17	0.20
3.19	0.18
3.22	0.18
3.24	0.18
3.27	0.16
3.29	0.16
3.32	0.16
3.34	0.17
3.36	0.16
3.39	0.16
3.41	0.18
3.44	0.16
3.46	0.16
3.49	0.18
3.51	0.15
3.54	0.15
3.56	0.15
3.58	0.16
3.61	0.15
3.63	0.15
3.66	0.18
3.68	0.16
3.71	0.16
3.73	0.18
3.76	0.16
3.78	0.16
3.80	0.17
3.83	0.15
3.85	0.15
3.88	0.16
3.90	0.17
3.93	0.17
3.95	0.17
3.98	0.19
4.00	0.18
4.02	0.18
4.05	0.19
4.07	0.17
4.10	0.17
4.12	0.18
4.15	0.18
4.17	0.18
4.20	0.18
4.22	0.17
4.24	0.16
4.27	0.16
4.29	0.19
4.32	0.16
4.34	0.16
4.37	0.18
4.39	0.16
4.42	0.16
4.44	0.16
4.46	0.16
4.49	0.16
4.51	0.16
4.54	0.18
4.56	0.16
4.59	0.16
4.61	0.16
4.63	0.14
4.66	0.14
4.68	0.16
4.71	0.14
4.73	0.14
4.76	0.14
4.78	0.13
4.81	0.12
4.83	0.14
4.85	0.14
4.88	0.14
4.90	0.16
4.93	0.16
4.95	0.13
4.98	0.14
5.00	0.15
5.03	0.14
5.05	0.13
5.07	0.16
5.10	0.16
5.12	0.14
5.15	0.16
5.17	0.16
5.20	0.14
5.22	0.14
5.25	0.15
5.27	0.15
5.29	0.16
5.32	0.17
5.34	0.15
5.37	0.15
5.39	0.18
5.42	0.18
5.44	0.18
5.47	0.19
5.49	0.17
5.51	0.17
5.54	0.18
5.56	0.18
5.59	0.17
5.61	0.17
5.64	0.19
5.66	0.17
5.68	0.18
5.71	0.20
5.73	0.17
5.76	0.17
5.78	0.18
5.81	0.17
5.83	0.17
5.86	0.17
5.88	0.19
5.90	0.18
5.93	0.18
5.95	0.20
5.98	0.18
6.00	0.18
6.03	0.20
6.05	0.17
6.08	0.17
6.10	0.18
6.12	0.18
6.15	0.18
6.17	0.18
6.20	0.20
6.22	0.18
6.25	0.18
6.27	0.21
6.30	0.19
6.32	0.19
6.34	0.20
6.37	0.18
6.39	0.18
6.42	0.19
6.44	0.20
6.47	0.19
6.49	0.19
6.52	0.22
6.54	0.20
6.56	0.20
6.59	0.22
6.61	0.19
6.64	0.19
6.66	0.20
6.69	0.19
6.71	0.19
6.73	0.19
6.76	0.21
6.78	0.19
6.81	0.19
6.83	0.22
6.86	0.20
6.88	0.20
6.91	0.21
6.93	0.19
6.95	0.19
6.98	0.20
7.00	0.21
7.03	0.20
7.05	0.23
7.08	0.22
7.10	0.20
7.13	0.23
7.15	0.23
7.17	0.20
7.20	0.21
7.22	0.22
7.25	0.20
7.27	0.20
7.30	0.22
7.32	0.21
7.35	0.20
7.37	0.23
7.39	0.23
7.42	0.20
7.44	0.22
7.47	0.23
7.49	0.20
7.52	0.21
7.54	0.23
7.57	0.21
7.59	0.20
7.61	0.23
7.64	0.22
7.66	0.20
7.69	0.23
7.71	0.21
7.74	0.21
7.76	0.22
7.78	0.21
7.81	0.21
7.83	0.21
7.86	0.22
7.88	0.20
7.91	0.20
7.93	0.23
7.96	0.21
7.98	0.21
8.00	0.23
8.03	0.21
8.05	0.21
8.08	0.22
8.10	0.22
8.13	0.21
8.15	0.21
8.18	0.23
8.20	0.21
8.22	0.21
8.25	0.24
8.27	0.22
8.30	0.22
8.32	0.23
8.35	0.22
8.37	0.22
8.40	0.22
8.42	0.24
8.44	0.23
8.47	0.23
8.49	0.25
8.52	0.23
8.54	0.23
8.57	0.26
8.59	0.23
8.62	0.23
8.64	0.24
8.66	0.24
8.69	0.23
8.71	0.23
8.74	0.25
8.76	0.24
8.79	0.24
8.81	0.27
8.84	0.24
8.86	0.24
8.88	0.26
8.91	0.24
8.93	0.24
8.96	0.25
8.98	0.25
9.01	0.24
9.03	0.24
9.05	0.26
9.08	0.24
9.10	0.24
9.13	0.27
9.15	0.24
9.18	0.24
9.20	0.25
9.23	0.24
9.25	0.24
9.27	0.25
9.30	0.26
9.32	0.24
9.35	0.24
9.37	0.27
9.40	0.25
9.42	0.24
9.45	0.26
9.47	0.23
9.49	0.24
9.52	0.26
9.54	0.25
9.57	0.24
9.59	0.27
9.62	0.26
9.64	0.24
9.67	0.26
9.69	0.26
9.71	0.23
9.74	0.25
9.76	0.26
9.79	0.23
9.81	0.24
9.84	0.26
9.86	0.25
9.89	0.23
9.91	0.27
9.93	0.26
9.96	0.24
9.98	0.26
10.01	0.27
10.03	0.24
10.06	0.24
10.08	0.26
10.10	0.24
10.13	0.24
10.15	0.26
10.18	0.24
10.20	0.24
10.23	0.27
10.25	0.24
10.28	0.24
10.30	0.26
10.32	0.25
10.35	0.25
10.37	0.26
10.40	0.27
10.42	0.25
10.45	0.25
10.47	0.27
10.50	0.25
10.52	0.25
10.54	0.28
10.57	0.25
10.59	0.25
10.62	0.26
10.64	0.26
10.67	0.26
10.69	0.26
10.72	0.29
10.74	0.27
10.76	0.27
10.79	0.30
10.81	0.28
10.84	0.27
10.86	0.29
10.89	0.28
10.91	0.28
10.94	0.29
10.96	0.30
10.98	0.28
11.01	0.28
11.03	0.31
11.06	0.28
11.08	0.28
11.11	0.31
11.13	0.28
11.15	0.28
11.18	0.29
11.20	0.28
11.23	0.28
11.25	0.29
11.28	0.30
11.30	0.28
11.33	0.28
11.35	0.31
11.37	0.28
11.40	0.28
11.42	0.30
11.45	0.28
11.47	0.28
11.50	0.29
11.52	0.30
11.55	0.28
11.57	0.28
11.59	0.31
11.62	0.28
11.64	0.28
11.67	0.32
11.69	0.28
11.72	0.28
11.74	0.29
11.77	0.29
11.79	0.29
11.81	0.30
11.84	0.31
11.86	0.29
11.89	0.29
11.91	0.30
11.94	0.28
11.96	0.30
11.99	0.31
12.01	0.28
12.03	0.30
12.06	0.32
12.08	0.30
12.11	0.28
12.13	0.32
12.16	0.30
12.18	0.28
12.21	0.32
12.23	0.32
12.25	0.28
12.28	0.31
12.30	0.32
12.33	0.29
12.35	0.30
12.38	0.33
12.40	0.31
12.42	0.29
12.45	0.33
12.47	0.32
12.50	0.29
12.52	0.32
12.55	0.33
12.57	0.31
12.60	0.32
12.62	0.32
12.64	0.31
12.67	0.31
12.69	0.33
12.72	0.30
12.74	0.30
12.77	0.34
12.79	0.31
12.82	0.31
12.84	0.33
12.86	0.31
12.89	0.31
12.91	0.32
12.94	0.33
12.96	0.31
12.99	0.31
13.01	0.34
13.04	0.31
13.06	0.31
13.08	0.34
13.11	0.31
13.13	0.31
13.16	0.33
13.18	0.32
13.21	0.31
13.23	0.32
13.26	0.34
13.28	0.32
13.30	0.32
13.33	0.35
13.35	0.32
13.38	0.32
13.40	0.34
13.43	0.32
13.45	0.32
13.47	0.34
13.50	0.34
13.52	0.33
13.55	0.33
13.57	0.35
13.60	0.33
13.62	0.33
13.65	0.37
13.67	0.33
13.69	0.33
13.72	0.35
13.74	0.34
13.77	0.34
13.79	0.35
13.82	0.36
13.84	0.33
13.87	0.33
13.89	0.36
13.91	0.33
13.94	0.33
13.96	0.37
13.99	0.34
14.01	0.34
14.04	0.36
14.06	0.36
14.09	0.35
14.11	0.35
14.13	0.36
14.16	0.34
14.18	0.34
14.21	0.37
14.23	0.33
14.26	0.33
14.28	0.36
14.31	0.34
14.33	0.34
14.35	0.38
14.38	0.36
14.40	0.34
14.43	0.38
14.45	0.36
14.48	0.33
14.50	0.37
14.52	0.37
14.55	0.33
14.57	0.35
14.60	0.38
14.62	0.34
14.65	0.34
14.67	0.38
14.70	0.36
14.72	0.33
14.74	0.37
14.77	0.37
14.79	0.34
14.82	0.36
14.84	0.38
14.87	0.34
14.89	0.36
14.92	0.39
14.94	0.36
14.96	0.34
14.99	0.38
15.01	0.34
15.04	0.34
15.06	0.38
15.09	0.34
15.11	0.34
15.14	0.36
15.16	0.36
15.18	0.35
15.21	0.36
15.23	0.37
15.26	0.35
15.28	0.35
15.31	0.38
15.33	0.35
15.36	0.35
15.38	0.38
15.40	0.35
15.43	0.35
15.45	0.37
15.48	0.37
15.50	0.35
15.53	0.35
15.55	0.37
15.57	0.34
15.60	0.34
15.62	0.38
15.65	0.34
15.67	0.34
15.70	0.36
15.72	0.34
15.75	0.34
15.77	0.36
15.79	0.36
15.82	0.34
15.84	0.34
15.87	0.37
15.89	0.34
15.92	0.34
15.94	0.37
15.97	0.34
15.99	0.34
16.01	0.35
16.04	0.34
16.06	0.33
16.09	0.33
16.11	0.34
16.14	0.32
16.16	0.32
16.19	0.35
16.21	0.31
16.23	0.31
16.26	0.34
16.28	0.32
16.31	0.32
16.33	0.33
16.36	0.34
16.38	0.32
16.41	0.32
16.43	0.34
16.45	0.31
16.48	0.31
16.50	0.34
16.53	0.30
16.55	0.30
16.58	0.32
16.60	0.29
16.63	0.28
16.65	0.29
16.67	0.30
16.70	0.28
16.72	0.28
16.75	0.31
16.77	0.28
16.80	0.28
16.82	0.29
16.84	0.26
16.87	0.27
16.89	0.29
16.92	0.27
16.94	0.25
16.97	0.29
16.99	0.27
17.02	0.25
17.04	0.28
17.06	0.28
17.09	0.24
17.11	0.26
17.14	0.28
17.16	0.24
17.19	0.24
17.21	0.27
17.24	0.25
17.26	0.25
17.28	0.28
17.31	0.28
17.33	0.25
17.36	0.27
17.38	0.28
17.41	0.25
17.43	0.26
17.46	0.28
17.48	0.26
17.50	0.26
17.53	0.28
17.55	0.26
17.58	0.26
17.60	0.29
17.63	0.26
17.65	0.26
17.68	0.27
17.70	0.26
17.72	0.26
17.75	0.26
17.77	0.28
17.80	0.26
17.82	0.26
17.85	0.28
17.87	0.26
17.89	0.26
17.92	0.28
17.94	0.25
17.97	0.25
17.99	0.26
18.02	0.25
18.04	0.25
18.07	0.25
18.09	0.26
18.11	0.24
18.14	0.24
18.16	0.27
18.19	0.24
18.21	0.24
18.24	0.26
18.26	0.24
18.29	0.24
18.31	0.25
18.33	0.26
18.36	0.24
18.38	0.24
18.41	0.26
18.43	0.23
18.46	0.23
18.48	0.26
18.51	0.23
18.53	0.23
18.55	0.24
18.58	0.24
18.60	0.23
18.63	0.23
18.65	0.24
18.68	0.22
18.70	0.22
18.73	0.26
18.75	0.23
18.77	0.23
18.80	0.24
18.82	0.22
18.85	0.22
18.87	0.23
18.90	0.23
18.92	0.22
18.94	0.22
18.97	0.24
18.99	0.22
19.02	0.22
19.04	0.24
19.07	0.21
19.09	0.22
19.12	0.23
19.14	0.22
19.16	0.22
19.19	0.22
19.21	0.23
19.24	0.21
19.26	0.24
19.29	0.24
19.31	0.22
19.34	0.24
19.36	0.24
19.38	0.21
19.41	0.22
19.43	0.24
19.46	0.22
19.48	0.22
19.51	0.24
19.53	0.24
19.56	0.22
19.58	0.24
19.60	0.24
19.63	0.22
19.65	0.23
19.68	0.24
19.70	0.22
19.73	0.22
19.75	0.24
19.78	0.23
19.80	0.21
19.82	0.24
19.85	0.24
19.87	0.22
19.90	0.24
19.92	0.21
19.95	0.21
19.97	0.22
19.99	0.22
20.02	0.21
20.04	0.21
20.07	0.23
20.09	0.21
20.12	0.21
20.14	0.24
20.17	0.21
20.19	0.21
20.21	0.23
20.24	0.21
20.26	0.21
20.29	0.22
20.31	0.22
20.34	0.21
20.36	0.21
20.39	0.23
20.41	0.21
20.43	0.21
20.46	0.24
20.48	0.21
20.51	0.21
20.53	0.22
20.56	0.21
20.58	0.21
20.61	0.21
20.63	0.22
20.65	0.21
20.68	0.21
20.70	0.23
20.73	0.21
20.75	0.21
20.78	0.22
20.80	0.20
20.83	0.20
20.85	0.21
20.87	0.21
20.90	0.20
20.92	0.20
20.95	0.22
20.97	0.20
21.00	0.20
21.02	0.23
21.05	0.20
21.07	0.20
21.09	0.21
21.12	0.19
21.14	0.19
21.17	0.19
21.19	0.20
21.22	0.19
21.24	0.19
21.26	0.21
21.29	0.19
21.31	0.19
21.34	0.21
21.36	0.18
21.39	0.18
21.41	0.19
21.44	0.19
21.46	0.19
21.48	0.19
21.51	0.20
21.53	0.19
21.56	0.19
21.58	0.20
21.61	0.18
21.63	0.18
21.66	0.19
21.68	0.17
21.70	0.17
21.73	0.19
21.75	0.18
21.78	0.17
21.80	0.20
21.83	0.20
21.85	0.18
21.88	0.19
21.90	0.19
21.92	0.17
21.95	0.18
21.97	0.19
22.00	0.18
22.02	0.17
22.05	0.19
22.07	0.18
22.10	0.17
22.12	0.19
22.14	0.19
22.17	0.17
22.19	0.18
22.22	0.19
22.24	0.17
22.27	0.17
22.29	0.19
22.31	0.18
22.34	0.18
22.36	0.20
22.39	0.18
22.41	0.18
22.44	0.20
22.46	0.18
22.49	0.18
22.51	0.18
22.53	0.18
22.56	0.18
22.58	0.18
22.61	0.20
22.63	0.18
22.66	0.18
22.68	0.20
22.71	0.18
22.73	0.18
22.75	0.20
22.78	0.17
22.80	0.17
22.83	0.18
22.85	0.18
22.88	0.18
22.90	0.18
22.93	0.21
22.95	0.19
22.97	0.19
23.00	0.21
23.02	0.19
23.05	0.19
23.07	0.20
23.10	0.20
23.12	0.20
23.15	0.21
23.17	0.23
23.19	0.21
23.22	0.21
23.24	0.25
23.27	0.22
23.29	0.22
23.32	0.26
23.34	0.25
23.36	0.25
23.39	0.27
23.41	0.29
23.44	0.29
23.46	0.29
23.49	0.32
23.51	0.31
23.54	0.31
23.56	0.36
23.58	0.34
23.61	0.34
23.63	0.37
23.66	0.38
23.68	0.38
23.71	0.41
23.73	0.45
23.76	0.43
23.78	0.44
23.80	0.49
23.83	0.48
23.85	0.49
23.88	0.54
23.90	0.54
23.93	0.54
23.95	0.59
23.98	0.61
24.00	0.59
24.02	0.63
24.05	0.68
24.07	0.67
24.10	0.69
24.12	0.75
24.15	0.72
24.17	0.78
24.20	0.85
24.22	0.81
24.24	0.86
24.27	0.95
24.29	0.93
24.32	0.94
24.34	1.02
24.37	1.03
24.39	1.01
24.42	1.09
24.44	1.13
24.46	1.10
24.49	1.16
24.51	1.23
24.54	1.20
24.56	1.24
24.59	1.32
24.61	1.32
24.63	1.31
24.66	1.41
24.68	1.41
24.71	1.39
24.73	1.46
24.76	1.51
24.78	1.48
24.81	1.55
24.83	1.58
24.85	1.56
24.88	1.61
24.90	1.66
24.93	1.63
24.95	1.66
24.98	1.73
25.00	1.72
25.03	1.73
25.05	1.80
25.07	1.81
25.10	1.80
25.12	1.87
25.15	1.90
25.17	1.88
25.20	1.92
25.22	1.97
25.25	1.96
25.27	1.98
25.29	2.05
25.32	2.05
25.34	2.06
25.37	2.12
25.39	2.13
25.42	2.12
25.44	2.17
25.47	2.21
25.49	2.20
25.51	2.23
25.54	2.29
25.56	2.28
25.59	2.29
25.61	2.35
25.64	2.36
25.66	2.35
25.68	2.41
25.71	2.44
25.73	2.42
25.76	2.47
25.78	2.51
25.81	2.50
25.83	2.51
25.86	2.58
25.88	2.57
25.90	2.57
25.93	2.64
25.95	2.65
25.98	2.63
26.00	2.69
26.03	2.72
26.05	2.70
26.08	2.73
26.10	2.78
26.12	2.77
26.15	2.78
26.17	2.84
26.20	2.84
26.22	2.83
26.25	2.90
26.27	2.92
26.30	2.89
26.32	2.94
26.34	2.98
26.37	2.96
26.39	2.97
26.42	3.03
26.44	3.02
26.47	3.02
26.49	3.08
26.52	3.09
26.54	3.07
26.56	3.15
26.59	3.13
26.61	3.11
26.64	3.20
26.66	3.20
26.69	3.16
26.71	3.22
26.73	3.27
26.76	3.22
26.78	3.26
26.81	3.32
26.83	3.27
26.86	3.26
26.88	3.34
26.91	3.32
26.93	3.30
26.95	3.38
26.98	3.39
27.00	3.34
27.03	3.39
27.05	3.45
27.08	3.40
27.10	3.42
27.13	3.49
27.15	3.46
27.17	3.44
27.20	3.52
27.22	3.49
27.25	3.50
27.27	3.55
27.30	3.54
27.32	3.53
27.35	3.59
27.37	3.60
27.39	3.57
27.42	3.62
27.44	3.65
27.47	3.62
27.49	3.66
27.52	3.71
27.54	3.69
27.57	3.69
27.59	3.74
27.61	3.73
27.64	3.72
27.66	3.77
27.69	3.79
27.71	3.76
27.74	3.80
27.76	3.84
27.78	3.81
27.81	3.81
27.83	3.86
27.86	3.85
27.88	3.84
27.91	3.90
27.93	3.90
27.96	3.87
27.98	3.92
28.00	3.94
28.03	3.91
28.05	3.94
28.08	3.99
28.10	3.96
28.13	3.95
28.15	4.02
28.18	4.01
28.20	3.99
28.22	4.04
28.25	4.06
28.27	4.02
28.30	4.05
28.32	4.08
28.35	4.05
28.37	4.07
28.40	4.12
28.42	4.10
28.44	4.10
28.47	4.15
28.49	4.15
28.52	4.12
28.54	4.17
28.57	4.19
28.59	4.16
28.62	4.19
28.64	4.23
28.66	4.20
28.69	4.20
28.71	4.25
28.74	4.24
28.76	4.22
28.79	4.27
28.81	4.28
28.84	4.25
28.86	4.29
28.88	4.31
28.91	4.28
28.93	4.30
28.96	4.35
28.98	4.32
29.01	4.34
29.03	4.39
29.05	4.33
29.08	4.34
29.10	4.40
29.13	4.38
29.15	4.35
29.18	4.43
29.20	4.42
29.23	4.37
29.25	4.42
29.27	4.46
29.30	4.40
29.32	4.43
29.35	4.49
29.37	4.45
29.40	4.44
29.42	4.51
29.45	4.48
29.47	4.45
29.49	4.52
29.52	4.52
29.54	4.48
29.57	4.52
29.59	4.56
29.62	4.51
29.64	4.53
29.67	4.57
29.69	4.54
29.71	4.57
29.74	4.60
29.76	4.57
29.79	4.57
29.81	4.62
29.84	4.60
29.86	4.59
29.89	4.64
29.91	4.64
29.93	4.61
29.96	4.65
29.98	4.67
30.01	4.64
30.03	4.66
30.06	4.71
30.08	4.67
30.10	4.67
30.13	4.72
30.15	4.71
30.18	4.70
30.20	4.74
30.23	4.74
30.25	4.71
30.28	4.74
30.30	4.77
30.32	4.74
30.35	4.74
30.37	4.79
30.40	4.77
30.42	4.76
30.45	4.81
30.47	4.80
30.50	4.77
30.52	4.81
30.54	4.83
30.57	4.81
30.59	4.83
30.62	4.87
30.64	4.83
30.67	4.83
30.69	4.88
30.72	4.86
30.74	4.84
30.76	4.89
30.79	4.90
30.81	4.86
30.84	4.89
30.86	4.92
30.89	4.89
30.91	4.90
30.94	4.94
30.96	4.92
30.98	4.91
31.01	4.95
31.03	4.95
31.06	4.92
31.08	4.96
31.11	4.98
31.13	4.95
31.15	4.97
31.18	5.00
31.20	4.97
31.23	4.96
31.25	5.01
31.28	4.99
31.30	4.98
31.33	5.02
31.35	5.02
31.37	4.98
31.40	5.01
31.42	5.00
31.45	4.95
31.47	5.01
31.50	5.01
31.52	4.95
31.55	4.99
31.57	5.03
31.59	4.96
31.62	4.97
31.64	5.02
31.67	4.98
31.69	4.94
31.72	5.01
31.74	4.98
31.77	4.93
31.79	4.97
31.81	4.99
31.84	4.92
31.86	4.94
31.89	4.98
31.91	4.92
31.94	4.90
31.96	4.95
31.99	4.91
32.01	4.86
32.03	4.91
32.06	4.90
32.08	4.86
32.11	4.90
32.13	4.85
32.16	4.81
32.18	4.83
32.20	4.83
32.23	4.78
32.25	4.78
32.28	4.79
32.30	4.74
32.33	4.72
32.35	4.75
32.38	4.70
32.40	4.67
32.42	4.68
32.45	4.66
32.47	4.61
32.50	4.62
32.52	4.62
32.55	4.56
32.57	4.55
32.60	4.56
32.62	4.50
32.64	4.47
32.67	4.49
32.69	4.45
32.72	4.40
32.74	4.42
32.77	4.40
32.79	4.36
32.82	4.36
32.84	4.36
32.86	4.30
32.89	4.27
32.91	4.29
32.94	4.23
32.96	4.19
32.99	4.21
33.01	4.18
33.04	4.11
33.06	4.12
33.08	4.11
33.11	4.05
33.13	4.03
33.16	4.04
33.18	3.98
33.21	3.94
33.23	3.95
33.26	3.91
33.28	3.86
33.30	3.87
33.33	3.84
33.35	3.77
33.38	3.77
33.40	3.76
33.43	3.69
33.45	3.66
33.47	3.67
33.50	3.62
33.52	3.57
33.55	3.58
33.57	3.54
33.60	3.48
33.62	3.49
33.65	3.47
33.67	3.41
33.69	3.40
33.72	3.40
33.74	3.32
33.77	3.28
33.79	3.30
33.82	3.25
33.84	3.19
33.87	3.20
33.89	3.14
33.91	3.09
33.94	3.13
33.96	3.07
33.99	3.00
34.01	3.03
34.04	3.00
34.06	2.91
34.09	2.91
34.11	2.93
34.13	2.84
34.16	2.81
34.18	2.84
34.21	2.78
34.23	2.71
34.26	2.75
34.28	2.70
34.31	2.62
34.33	2.63
34.35	2.61
34.38	2.51
34.40	2.51
34.43	2.53
34.45	2.45
34.48	2.40
34.50	2.44
34.52	2.38
34.55	2.34
34.57	2.35
34.60	2.29
34.62	2.24
34.65	2.26
34.67	2.22
34.70	2.16
34.72	2.17
34.74	2.15
34.77	2.08
34.79	2.08
34.82	2.08
34.84	2.01
34.87	1.98
34.89	1.99
34.92	1.95
34.94	1.90
34.96	1.91
34.99	1.89
35.01	1.84
35.04	1.84
35.06	1.84
35.09	1.78
35.11	1.77
35.14	1.78
35.16	1.72
35.18	1.68
35.21	1.71
35.23	1.67
35.26	1.61
35.28	1.63
35.31	1.61
35.33	1.55
35.36	1.55
35.38	1.55
35.40	1.49
35.43	1.47
35.45	1.49
35.48	1.44
35.50	1.40
35.53	1.41
35.55	1.39
35.57	1.33
35.60	1.34
35.62	1.34
35.65	1.28
35.67	1.27
35.70	1.28
35.72	1.23
35.75	1.19
35.77	1.21
35.79	1.17
35.82	1.13
35.84	1.15
35.87	1.13
35.89	1.07
35.92	1.08
35.94	1.09
35.97	1.02
35.99	1.01
36.01	1.03
36.04	0.98
36.06	0.95
36.09	0.97
36.11	0.95
36.14	0.90
36.16	0.92
36.19	0.91
36.21	0.86
36.23	0.85
36.26	0.87
36.28	0.81
36.31	0.79
36.33	0.82
36.36	0.76
36.38	0.76
36.41	0.79
36.43	0.74
36.45	0.69
36.48	0.74
36.50	0.70
36.53	0.65
36.55	0.68
36.58	0.68
36.60	0.62
36.62	0.63
36.65	0.66
36.67	0.60
36.70	0.59
36.72	0.63
36.75	0.59
36.77	0.54
36.80	0.58
36.82	0.56
36.84	0.51
36.87	0.53
36.89	0.55
36.92	0.49
36.94	0.50
36.97	0.53
36.99	0.48
37.02	0.48
37.04	0.49
37.06	0.44
37.09	0.44
37.11	0.48
37.14	0.43
37.16	0.42
37.19	0.45
37.21	0.43
37.24	0.41
37.26	0.42
37.28	0.42
37.31	0.38
37.33	0.38
37.36	0.40
37.38	0.36
37.41	0.36
37.43	0.38
37.46	0.35
37.48	0.35
37.50	0.37
37.53	0.36
37.55	0.33
37.58	0.33
37.60	0.34
37.63	0.31
37.65	0.31
37.68	0.34
37.70	0.30
37.72	0.30
37.75	0.31
37.77	0.29
37.80	0.29
37.82	0.29
37.85	0.29
37.87	0.26
37.89	0.26
37.92	0.28
37.94	0.25
37.97	0.25
37.99	0.27
38.02	0.24
38.04	0.24
38.07	0.25
38.09	0.24
38.11	0.23
38.14	0.23
38.16	0.23
38.19	0.21
38.21	0.21
38.24	0.23
38.26	0.20
38.29	0.20
38.31	0.21
38.33	0.19
38.36	0.19
38.38	0.19
38.41	0.20
38.43	0.18
38.46	0.18
38.48	0.20
38.51	0.18
38.53	0.18
38.55	0.19
38.58	0.16
38.60	0.16
38.63	0.16
38.65	0.16
38.68	0.15
38.70	0.15
38.73	0.17
38.75	0.15
38.77	0.15
38.80	0.15
38.82	0.13
38.85	0.14
38.87	0.14
38.90	0.11
38.92	0.11
38.94	0.12
38.97	0.11
38.99	0.11
39.02	0.12
39.04	0.12
39.07	0.11
39.09	0.12
39.12	0.12
39.14	0.10
39.16	0.10
39.19	0.10
39.21	0.09
39.24	0.09
39.26	0.10
39.29	0.10
39.31	0.09
39.34	0.11
39.36	0.11
39.38	0.08
39.41	0.09
39.43	0.09
39.46	0.09
39.48	0.09
39.51	0.10
39.53	0.10
39.56	0.10
39.58	0.12
39.60	0.11
39.63	0.11
39.65	0.12
39.68	0.10
39.70	0.10
39.73	0.11
39.75	0.11
39.78	0.11
39.80	0.11
39.82	0.14
39.85	0.13
39.87	0.13
39.90	0.16
39.92	0.15
39.95	0.15
39.97	0.17
39.99	0.17
40.02	0.17
40.04	0.18
40.07	0.20
40.09	0.20
40.12	0.20
40.14	0.24
40.17	0.23
40.19	0.23
40.21	0.28
40.24	0.27
40.26	0.27
40.29	0.30
40.31	0.32
40.34	0.32
40.36	0.35
40.39	0.39
40.41	0.39
40.43	0.40
40.46	0.45
40.48	0.45
40.51	0.45
40.53	0.51
40.56	0.52
40.58	0.52
40.61	0.57
40.63	0.60
40.65	0.60
40.68	0.63
40.70	0.69
40.73	0.68
40.75	0.71
40.78	0.78
40.80	0.77
40.83	0.79
40.85	0.86
40.87	0.88
40.90	0.89
40.92	0.95
40.95	0.99
40.97	0.98
41.00	1.02
41.02	1.08
41.05	1.07
41.07	1.10
41.09	1.17
41.12	1.18
41.14	1.20
41.17	1.27
41.19	1.29
41.22	1.29
41.24	1.38
41.26	1.39
41.29	1.37
41.31	1.47
41.34	1.49
41.36	1.47
41.39	1.53
41.41	1.59
41.44	1.56
41.46	1.61
41.48	1.68
41.51	1.68
41.53	1.68
41.56	1.77
41.58	1.77
41.61	1.76
41.63	1.84
41.66	1.89
41.68	1.86
41.70	1.91
41.73	1.98
41.75	1.96
41.78	1.98
41.80	2.07
41.83	2.08
41.85	2.07
41.88	2.15
41.90	2.15
41.92	2.17
41.95	2.24
41.97	2.25
42.00	2.26
42.02	2.33
42.05	2.36
42.07	2.36
42.10	2.42
42.12	2.47
42.14	2.47
42.17	2.50
42.19	2.57
42.22	2.57
42.24	2.59
42.27	2.66
42.29	2.68
42.31	2.68
42.34	2.76
42.36	2.80
42.39	2.80
42.41	2.85
42.44	2.90
42.46	2.90
42.49	2.92
42.51	2.99
42.53	3.01
42.56	3.02
42.58	3.08
42.61	3.12
42.63	3.11
42.66	3.17
42.68	3.21
42.71	3.20
42.73	3.24
42.75	3.31
42.78	3.30
42.80	3.32
42.83	3.39
42.85	3.41
42.88	3.41
42.90	3.47
42.93	3.51
42.95	3.51
42.97	3.55
43.00	3.60
43.02	3.59
43.05	3.62
43.07	3.68
43.10	3.69
43.12	3.70
43.15	3.77
43.17	3.80
43.19	3.79
43.22	3.83
43.24	3.88
43.27	3.87
43.29	3.90
43.32	3.97
43.34	3.96
43.36	3.98
43.39	4.04
43.41	4.06
43.44	4.06
43.46	4.12
43.49	4.15
43.51	4.14
43.54	4.19
43.56	4.24
43.58	4.23
43.61	4.25
43.63	4.31
43.66	4.29
43.68	4.33
43.71	4.40
43.73	4.38
43.76	4.40
43.78	4.48
43.80	4.48
43.83	4.46
43.85	4.54
43.88	4.57
43.90	4.54
43.93	4.60
43.95	4.66
43.98	4.62
44.00	4.66
44.02	4.73
44.05	4.72
44.07	4.72
44.10	4.80
44.12	4.80
44.15	4.78
44.17	4.85
44.20	4.89
44.22	4.86
44.24	4.91
44.27	4.98
44.29	4.95
44.32	4.99
44.34	5.02
44.37	5.01
44.39	5.01
44.41	5.06
44.44	5.05
44.46	5.06
44.49	5.12
44.51	5.13
44.54	5.13
44.56	5.19
44.59	5.22
44.61	5.20
44.63	5.25
44.66	5.29
44.68	5.28
44.71	5.30
44.73	5.36
44.76	5.36
44.78	5.34
44.81	5.40
44.83	5.41
44.85	5.40
44.88	5.45
44.90	5.48
44.93	5.47
44.95	5.50
44.98	5.55
45.00	5.53
45.03	5.55
45.05	5.63
45.07	5.64
45.10	5.64
45.12	5.69
45.15	5.71
45.17	5.70
45.20	5.74
45.22	5.77
45.25	5.76
45.27	5.78
45.29	5.83
45.32	5.83
45.34	5.83
45.37	5.88
45.39	5.90
45.42	5.88
45.44	5.95
45.47	5.98
45.49	5.97
45.51	6.00
45.54	6.05
45.56	6.04
45.59	6.04
45.61	6.10
45.64	6.09
45.66	6.09
45.68	6.15
45.71	6.17
45.73	6.15
45.76	6.19
45.78	6.23
45.81	6.21
45.83	6.23
45.86	6.28
45.88	6.27
45.90	6.27
45.93	6.33
45.95	6.34
45.98	6.32
46.00	6.37
46.03	6.40
46.05	6.38
46.08	6.41
46.10	6.45
46.12	6.41
46.15	6.47
46.17	6.51
46.20	6.47
46.22	6.50
46.25	6.56
46.27	6.54
46.30	6.54
46.32	6.61
46.34	6.60
46.37	6.58
46.39	6.66
46.42	6.69
46.44	6.65
46.47	6.69
46.49	6.75
46.52	6.71
46.54	6.73
46.56	6.79
46.59	6.78
46.61	6.76
46.64	6.84
46.66	6.84
46.69	6.81
46.71	6.85
46.73	6.90
46.76	6.86
46.78	6.91
46.81	6.93
46.83	6.90
46.86	6.94
46.88	6.98
46.91	6.96
46.93	6.97
46.95	7.00
46.98	6.98
47.00	6.98
47.03	7.03
47.05	7.01
47.08	7.00
47.10	7.05
47.13	7.07
47.15	7.05
47.17	7.08
47.20	7.12
47.22	7.10
47.25	7.10
47.27	7.15
47.30	7.15
47.32	7.14
47.35	7.19
47.37	7.20
47.39	7.18
47.42	7.22
47.44	7.24
47.47	7.22
47.49	7.24
47.52	7.28
47.54	7.26
47.57	7.26
47.59	7.31
47.61	7.34
47.64	7.32
47.66	7.37
47.69	7.39
47.71	7.37
47.74	7.39
47.76	7.43
47.78	7.41
47.81	7.41
47.83	7.46
47.86	7.45
47.88	7.44
47.91	7.49
47.93	7.50
47.96	7.47
47.98	7.51
48.00	7.53
48.03	7.50
48.05	7.52
48.08	7.56
48.10	7.54
48.13	7.54
48.15	7.58
48.18	7.58
48.20	7.57
48.22	7.61
48.25	7.62
48.27	7.59
48.30	7.61
48.32	7.64
48.35	7.61
48.37	7.60
48.40	7.65
48.42	7.63
48.44	7.62
48.47	7.65
48.49	7.65
48.52	7.62
48.54	7.66
48.57	7.64
48.59	7.60
48.62	7.66
48.64	7.65
48.66	7.60
48.69	7.62
48.71	7.66
48.74	7.59
48.76	7.60
48.79	7.64
48.81	7.60
48.84	7.56
48.86	7.61
48.88	7.59
48.91	7.54
48.93	7.57
48.96	7.57
48.98	7.51
49.01	7.52
49.03	7.55
49.05	7.49
49.08	7.47
49.10	7.52
49.13	7.48
49.15	7.43
49.18	7.47
49.20	7.43
49.23	7.40
49.25	7.42
49.27	7.40
49.30	7.36
49.32	7.38
49.35	7.37
49.37	7.32
49.40	7.33
49.42	7.33
49.45	7.27
49.47	7.25
49.49	7.28
49.52	7.24
49.54	7.20
49.57	7.22
49.59	7.20
49.62	7.15
49.64	7.16
49.67	7.15
49.69	7.10
49.71	7.09
49.74	7.10
49.76	7.04
49.79	7.02
49.81	7.04
49.84	7.00
49.86	6.96
49.89	6.98
49.91	6.96
49.93	6.89
49.96	6.89
49.98	6.89
50.01	6.84
50.03	6.82
50.06	6.83
50.08	6.78
50.10	6.75
50.13	6.76
50.15	6.73
50.18	6.67
50.20	6.68
50.23	6.67
50.25	6.61
50.28	6.59
50.30	6.60
50.32	6.54
50.35	6.50
50.37	6.51
50.40	6.47
50.42	6.43
50.45	6.43
50.47	6.40
50.50	6.34
50.52	6.33
50.54	6.32
50.57	6.26
50.59	6.24
50.62	6.24
50.64	6.19
50.67	6.14
50.69	6.15
50.72	6.11
50.74	6.05
50.76	6.06
50.79	6.04
50.81	5.98
50.84	5.97
50.86	5.96
50.89	5.90
50.91	5.86
50.94	5.87
50.96	5.82
50.98	5.78
51.01	5.80
51.03	5.73
51.06	5.68
51.08	5.71
51.11	5.66
51.13	5.59
51.15	5.60
51.18	5.58
51.20	5.50
51.23	5.49
51.25	5.51
51.28	5.42
51.30	5.40
51.33	5.42
51.35	5.35
51.37	5.29
51.40	5.32
51.42	5.27
51.45	5.20
51.47	5.20
51.50	5.20
51.52	5.11
51.55	5.10
51.57	5.12
51.59	5.04
51.62	4.99
51.64	5.01
51.67	4.94
51.69	4.92
51.72	4.93
51.74	4.87
51.77	4.83
51.79	4.84
51.81	4.80
51.84	4.74
51.86	4.74
51.89	4.72
51.91	4.66
51.94	4.65
51.96	4.64
51.99	4.57
52.01	4.54
52.03	4.55
52.06	4.50
52.08	4.46
52.11	4.46
52.13	4.43
52.16	4.37
52.18	4.36
52.20	4.35
52.23	4.29
52.25	4.26
52.28	4.27
52.30	4.21
52.33	4.17
52.35	4.17
52.38	4.13
52.40	4.08
52.42	4.08
52.45	4.06
52.47	4.00
52.50	3.98
52.52	3.98
52.55	3.92
52.57	3.88
52.60	3.89
52.62	3.84
52.64	3.79
52.67	3.80
52.69	3.77
52.72	3.71
52.74	3.71
52.77	3.69
52.79	3.63
52.82	3.61
52.84	3.61
52.86	3.55
52.89	3.51
52.91	3.53
52.94	3.49
52.96	3.44
52.99	3.44
53.01	3.43
53.04	3.36
53.06	3.35
53.08	3.34
53.11	3.28
53.13	3.25
53.16	3.26
53.18	3.20
53.21	3.16
53.23	3.18
53.26	3.14
53.28	3.08
53.30	3.08
53.33	3.07
53.35	3.01
53.38	2.99
53.40	2.99
53.43	2.91
53.45	2.91
53.47	2.92
53.50	2.84
53.52	2.83
53.55	2.85
53.57	2.78
53.60	2.73
53.62	2.77
53.65	2.72
53.67	2.65
53.69	2.67
53.72	2.66
53.74	2.57
53.77	2.57
53.79	2.58
53.82	2.51
53.84	2.48
53.87	2.51
53.89	2.45
53.91	2.39
53.94	2.43
53.96	2.39
53.99	2.31
54.01	2.32
54.04	2.33
54.06	2.25
54.09	2.26
54.11	2.24
54.13	2.18
54.16	2.17
54.18	2.17
54.21	2.11
54.23	2.08
54.26	2.09
54.28	2.04
54.31	2.00
54.33	2.01
54.35	1.98
54.38	1.92
54.40	1.93
54.43	1.92
54.45	1.87
54.48	1.85
54.50	1.86
54.52	1.80
54.55	1.76
54.57	1.78
54.60	1.74
54.62	1.70
54.65	1.71
54.67	1.69
54.70	1.63
54.72	1.63
54.74	1.62
54.77	1.56
54.79	1.54
54.82	1.56
54.84	1.51
54.87	1.47
54.89	1.49
54.92	1.46
54.94	1.41
54.96	1.42
54.99	1.41
55.01	1.35
55.04	1.32
55.06	1.33
55.09	1.27
55.11	1.24
55.14	1.26
55.16	1.22
55.18	1.17
55.21	1.19
55.23	1.17
55.26	1.11
55.28	1.12
55.31	1.12
55.33	1.07
55.36	1.05
55.38	1.07
55.40	1.02
55.43	0.99
55.45	1.01
55.48	0.97
55.50	0.93
55.53	0.95
55.55	0.94
55.57	0.88
55.60	0.88
55.62	0.88
55.65	0.83
55.67	0.81
55.70	0.84
55.72	0.80
55.75	0.77
55.77	0.79
55.79	0.78
55.82	0.73
55.84	0.74
55.87	0.72
55.89	0.67
55.92	0.71
55.94	0.69
55.97	0.63
55.99	0.64
56.01	0.67
56.04	0.61
56.06	0.60
56.09	0.64
56.11	0.60
56.14	0.55
56.16	0.60
56.19	0.56
56.21	0.52
56.23	0.55
56.26	0.56
56.28	0.51
56.31	0.52
56.33	0.56
56.36	0.52
56.38	0.51
56.41	0.55
56.43	0.53
56.45	0.48
56.48	0.53
56.50	0.53
56.53	0.50
56.55	0.54
56.58	0.53
56.60	0.52
56.62	0.55
56.65	0.56
56.67	0.53
56.70	0.54
56.72	0.58
56.75	0.55
56.77	0.56
56.80	0.61
56.82	0.60
56.84	0.60
56.87	0.65
56.89	0.66
56.92	0.64
56.94	0.67
56.97	0.70
56.99	0.68
57.02	0.70
57.04	0.76
57.06	0.74
57.09	0.75
57.11	0.81
57.14	0.81
57.16	0.81
57.19	0.86
57.21	0.88
57.24	0.87
57.26	0.90
57.28	0.94
57.31	0.93
57.33	0.95
57.36	1.01
57.38	1.00
57.41	1.00
57.43	1.06
57.46	1.08
57.48	1.06
57.50	1.11
57.53	1.15
57.55	1.14
57.58	1.17
57.60	1.22
57.63	1.20
57.65	1.21
57.68	1.27
57.70	1.27
57.72	1.26
57.75	1.33
57.77	1.35
57.80	1.32
57.82	1.37
57.85	1.41
57.87	1.39
57.89	1.41
57.92	1.46
57.94	1.46
57.97	1.47
57.99	1.52
58.02	1.53
58.04	1.52
58.07	1.57
58.09	1.60
58.11	1.58
58.14	1.62
58.16	1.66
58.19	1.65
58.21	1.66
58.24	1.72
58.26	1.73
58.29	1.73
58.31	1.81
58.33	1.79
58.36	1.79
58.38	1.87
58.41	1.87
58.43	1.86
58.46	1.94
58.48	1.97
58.51	1.95
58.53	2.00
58.55	2.07
58.58	2.04
58.60	2.07
58.63	2.16
58.65	2.16
58.68	2.15
58.70	2.25
58.73	2.26
58.75	2.25
58.77	2.33
58.80	2.38
58.82	2.36
58.85	2.42
58.87	2.49
58.90	2.48
58.92	2.50
58.94	2.59
58.97	2.58
58.99	2.62
59.02	2.69
59.04	2.70
59.07	2.72
59.09	2.80
59.12	2.82
59.14	2.83
59.16	2.91
59.19	2.95
59.21	2.95
59.24	3.00
59.26	3.06
59.29	3.06
59.31	3.09
59.34	3.17
59.36	3.18
59.38	3.20
59.41	3.27
59.43	3.31
59.46	3.31
59.48	3.37
59.51	3.42
59.53	3.42
59.56	3.47
59.58	3.54
59.60	3.55
59.63	3.57
59.65	3.65
59.68	3.67
59.70	3.68
59.73	3.76
59.75	3.80
59.78	3.79
59.80	3.84
59.82	3.90
59.85	3.90
59.87	3.94
59.90	4.01
59.92	4.02
59.95	4.04
59.97	4.12
59.99	4.15
60.02	4.15
60.04	4.21
60.07	4.26
60.09	4.26
60.12	4.31
60.14	4.38
60.17	4.39
60.19	4.41
60.21	4.49
60.24	4.51
60.26	4.52
60.29	4.60
60.31	4.64
60.34	4.63
60.36	4.70
60.39	4.75
60.41	4.76
60.43	4.80
60.46	4.88
60.48	4.89
60.51	4.91
60.53	4.98
60.56	5.01
60.58	5.02
60.61	5.09
60.63	5.14
60.65	5.14
60.68	5.20
60.70	5.26
60.73	5.27
60.75	5.32
60.78	5.39
60.80	5.37
60.83	5.43
60.85	5.52
60.87	5.51
60.90	5.53
60.92	5.63
60.95	5.64
60.97	5.64
61.00	5.73
61.02	5.78
61.05	5.77
61.07	5.84
61.09	5.92
61.12	5.90
61.14	5.94
61.17	6.04
61.19	6.05
61.22	6.05
61.24	6.15
61.26	6.18
61.29	6.17
61.31	6.25
61.34	6.32
61.36	6.30
61.39	6.37
61.41	6.42
61.44	6.43
61.46	6.49
61.48	6.55
61.51	6.55
61.53	6.60
61.56	6.68
61.58	6.69
61.61	6.70
61.63	6.78
61.66	6.81
61.68	6.82
61.70	6.89
61.73	6.93
61.75	6.94
61.78	6.99
61.80	7.06
61.83	7.06
61.85	7.09
61.88	7.18
61.90	7.20
61.92	7.21
61.95	7.29
61.97	7.33
62.00	7.33
62.02	7.40
62.05	7.45
62.07	7.46
62.10	7.51
62.12	7.58
62.14	7.58
62.17	7.61
62.19	7.69
62.22	7.71
62.24	7.73
62.27	7.83
62.29	7.88
62.31	7.88
62.34	7.94
62.36	8.00
62.39	8.01
62.41	8.05
62.44	8.12
62.46	8.14
62.49	8.17
62.51	8.24
62.53	8.28
62.56	8.28
62.58	8.36
62.61	8.42
62.63	8.42
62.66	8.47
62.68	8.55
62.71	8.55
62.73	8.58
62.75	8.66
62.78	8.69
62.80	8.72
62.83	8.79
62.85	8.84
62.88	8.84
62.90	8.90
62.93	8.95
62.95	8.95
62.97	9.00
63.00	9.08
63.02	9.09
63.05	9.11
63.07	9.19
63.10	9.23
63.12	9.23
63.15	9.30
63.17	9.36
63.19	9.34
63.22	9.44
63.24	9.47
63.27	9.46
63.29	9.54
63.32	9.61
63.34	9.59
63.36	9.64
63.39	9.73
63.41	9.73
63.44	9.74
63.46	9.84
63.49	9.86
63.51	9.85
63.54	9.94
63.56	10.00
63.58	9.98
63.61	10.05
63.63	10.12
63.66	10.11
63.68	10.15
63.71	10.24
63.73	10.25
63.76	10.26
63.78	10.36
63.80	10.39
63.83	10.37
63.85	10.47
63.88	10.49
63.90	10.51
63.93	10.58
63.95	10.62
63.98	10.63
64.00	10.69
64.02	10.74
64.05	10.75
64.07	10.79
64.10	10.87
64.12	10.87
64.15	10.90
64.17	10.98
64.20	11.01
64.22	11.02
64.24	11.09
64.27	11.14
64.29	11.15
64.32	11.20
64.34	11.26
64.37	11.26
64.39	11.30
64.41	11.38
64.44	11.40
64.46	11.42
64.49	11.49
64.51	11.53
64.54	11.52
64.56	11.59
64.59	11.64
64.61	11.64
64.63	11.69
64.66	11.76
64.68	11.76
64.71	11.79
64.73	11.83
64.76	11.86
64.78	11.86
64.81	11.93
64.83	11.97
64.85	11.96
64.88	12.02
64.90	12.07
64.93	12.07
64.95	12.10
64.98	12.17
65.00	12.18
65.03	12.19
65.05	12.26
65.07	12.29
65.10	12.28
65.12	12.33
65.15	12.37
65.17	12.37
65.20	12.41
65.22	12.47
65.25	12.46
65.27	12.48
65.29	12.54
65.32	12.55
65.34	12.55
65.37	12.61
65.39	12.68
65.42	12.66
65.44	12.70
65.47	12.74
65.49	12.73
65.51	12.76
65.54	12.82
65.56	12.81
65.59	12.81
65.61	12.87
65.64	12.86
65.66	12.88
65.68	12.95
65.71	12.95
65.73	12.92
65.76	13.00
65.78	13.01
65.81	12.97
65.83	13.02
65.86	13.07
65.88	13.04
65.90	13.07
65.93	13.13
65.95	13.10
65.98	13.09
66.00	13.17
66.03	13.16
66.05	13.12
66.08	13.18
66.10	13.21
66.12	13.17
66.15	13.21
66.17	13.26
66.20	13.22
66.22	13.23
66.25	13.29
66.27	13.27
66.30	13.27
66.32	13.30
66.34	13.28
66.37	13.28
66.39	13.33
66.42	13.32
66.44	13.31
66.47	13.35
66.49	13.36
66.52	13.33
66.54	13.36
66.56	13.38
66.59	13.36
66.61	13.37
66.64	13.41
66.66	13.38
66.69	13.37
66.71	13.42
66.73	13.42
66.76	13.39
66.78	13.43
66.81	13.44
66.83	13.41
66.86	13.42
66.88	13.45
66.91	13.42
66.93	13.42
66.95	13.46
66.98	13.44
67.00	13.42
67.03	13.46
67.05	13.45
67.08	13.41
67.10	13.44
67.13	13.46
67.15	13.42
67.17	13.43
67.20	13.45
67.22	13.42
67.25	13.40
67.27	13.43
67.30	13.42
67.32	13.39
67.35	13.42
67.37	13.42
67.39	13.38
67.42	13.39
67.44	13.41
67.47	13.36
67.49	13.35
67.52	13.38
67.54	13.35
67.57	13.32
67.59	13.35
67.61	13.34
67.64	13.29
67.66	13.31
67.69	13.31
67.71	13.27
67.74	13.27
67.76	13.28
67.78	13.24
67.81	13.22
67.83	13.24
67.86	13.22
67.88	13.18
67.91	13.20
67.93	13.20
67.96	13.14
67.98	13.14
68.00	13.16
68.03	13.10
68.05	13.09
68.08	13.11
68.10	13.04
68.13	13.05
68.15	13.07
68.18	13.00
68.20	12.98
68.22	13.02
68.25	12.99
68.27	12.93
68.30	12.98
68.32	12.95
68.35	12.88
68.37	12.90
68.40	12.92
68.42	12.85
68.44	12.85
68.47	12.87
68.49	12.82
68.52	12.77
68.54	12.81
68.57	12.78
68.59	12.72
68.62	12.75
68.64	12.75
68.66	12.66
68.69	12.67
68.71	12.70
68.74	12.62
68.76	12.64
68.79	12.63
68.81	12.58
68.83	12.57
68.86	12.58
68.88	12.52
68.91	12.49
68.93	12.51
68.96	12.47
68.98	12.42
69.01	12.45
69.03	12.43
69.05	12.36
69.08	12.36
69.10	12.36
69.13	12.30
69.15	12.28
69.18	12.29
69.20	12.24
69.23	12.20
69.25	12.21
69.27	12.18
69.30	12.12
69.32	12.13
69.35	12.12
69.37	12.06
69.40	12.05
69.42	12.05
69.45	11.98
69.47	11.95
69.49	11.96
69.52	11.92
69.54	11.88
69.57	11.88
69.59	11.86
69.62	11.79
69.64	11.79
69.67	11.77
69.69	11.71
69.71	11.69
69.74	11.70
69.76	11.64
69.79	11.60
69.81	11.61
69.84	11.57
69.86	11.51
69.89	11.51
69.91	11.49
69.93	11.42
69.96	11.41
69.98	11.41
70.01	11.34
70.03	11.31
70.06	11.32
70.08	11.26
70.10	11.21
70.13	11.22
70.15	11.18
70.18	11.11
70.20	11.11
70.23	11.10
70.25	11.03
70.28	11.01
70.30	11.01
70.32	10.95
70.35	10.91
70.37	10.91
70.40	10.86
70.42	10.81
70.45	10.81
70.47	10.78
70.50	10.72
70.52	10.73
70.54	10.68
70.57	10.60
70.59	10.61
70.62	10.59
70.64	10.50
70.67	10.50
70.69	10.51
70.72	10.42
70.74	10.38
70.76	10.40
70.79	10.35
70.81	10.28
70.84	10.30
70.86	10.26
70.89	10.17
70.91	10.17
70.94	10.17
70.96	10.08
70.98	10.06
71.01	10.07
71.03	9.99
71.06	9.93
71.08	9.95
71.11	9.89
71.13	9.82
71.15	9.83
71.18	9.78
71.20	9.73
71.23	9.74
71.25	9.69
71.28	9.62
71.30	9.63
71.33	9.60
71.35	9.52
71.37	9.50
71.40	9.49
71.42	9.43
71.45	9.38
71.47	9.39
71.50	9.34
71.52	9.28
71.55	9.28
71.57	9.24
71.59	9.16
71.62	9.16
71.64	9.14
71.67	9.07
71.69	9.02
71.72	9.02
71.74	8.96
71.77	8.91
71.79	8.90
71.81	8.86
71.84	8.79
71.86	8.79
71.89	8.76
71.91	8.68
71.94	8.67
71.96	8.65
71.99	8.58
72.01	8.54
72.03	8.54
72.06	8.48
72.08	8.42
72.11	8.42
72.13	8.39
72.16	8.31
72.18	8.30
72.20	8.28
72.23	8.21
72.25	8.18
72.28	8.18
72.30	8.10
72.33	8.06
72.35	8.08
72.38	8.03
72.40	7.97
72.42	7.97
72.45	7.95
72.47	7.87
72.50	7.84
72.52	7.83
72.55	7.76
72.57	7.73
72.60	7.73
72.62	7.67
72.64	7.62
72.67	7.62
72.69	7.59
72.72	7.52
72.74	7.52
72.77	7.50
72.79	7.43
72.82	7.41
72.84	7.41
72.86	7.35
72.89	7.30
72.91	7.32
72.94	7.27
72.96	7.23
72.99	7.25
73.01	7.18
73.04	7.14
73.06	7.17
73.08	7.13
73.11	7.06
73.13	7.09
73.16	7.09
73.18	7.01
73.21	7.02
73.23	7.05
73.25	6.98
73.28	6.96
73.30	7.00
73.33	6.97
73.35	6.92
73.38	6.97
73.40	6.96
73.43	6.90
73.45	6.92
73.47	6.95
73.50	6.88
73.52	6.89
73.55	6.94
73.57	6.89
73.60	6.87
73.62	6.92
73.65	6.89
73.67	6.89
73.69	6.92
73.72	6.89
73.74	6.88
73.77	6.92
73.79	6.91
73.82	6.88
73.84	6.92
73.87	6.93
73.89	6.89
73.91	6.91
73.94	6.94
73.96	6.91
73.99	6.90
74.01	6.94
74.04	6.93
74.06	6.91
74.09	6.94
74.11	6.94
74.13	6.90
74.16	6.94
74.18	6.96
74.21	6.92
74.23	6.93
74.26	6.97
74.28	6.93
74.31	6.92
74.33	6.96
74.35	6.95
74.38	6.92
74.40	6.96
74.43	6.97
74.45	6.93
74.48	6.95
74.50	6.98
74.52	6.95
74.55	6.95
74.57	6.99
74.60	6.97
74.62	6.95
74.65	6.99
74.67	7.00
74.70	6.96
74.72	7.00
74.74	7.02
74.77	6.99
74.79	7.01
74.82	7.03
74.84	7.00
74.87	7.00
74.89	7.04
74.92	7.04
74.94	7.02
74.96	7.07
74.99	7.10
75.01	7.07
75.04	7.11
75.06	7.15
75.09	7.13
75.11	7.15
75.14	7.21
75.16	7.21
75.18	7.21
75.21	7.27
75.23	7.29
75.26	7.29
75.28	7.36
75.31	7.40
75.33	7.39
75.36	7.43
75.38	7.50
75.40	7.47
75.43	7.55
75.45	7.62
75.48	7.62
75.50	7.68
75.53	7.77
75.55	7.77
75.57	7.79
75.60	7.90
75.62	7.92
75.65	7.92
75.67	8.01
75.70	8.07
75.72	8.05
75.75	8.13
75.77	8.22
75.79	8.21
75.82	8.26
75.84	8.36
75.87	8.37
75.89	8.39
75.92	8.50
75.94	8.53
75.97	8.53
75.99	8.62
76.01	8.70
76.04	8.68
76.06	8.77
76.09	8.82
76.11	8.82
76.14	8.90
76.16	8.97
76.19	8.98
76.21	9.04
76.23	9.13
76.26	9.15
76.28	9.18
76.31	9.27
76.33	9.31
76.36	9.33
76.38	9.41
76.41	9.48
76.43	9.49
76.45	9.56
76.48	9.64
76.50	9.65
76.53	9.70
76.55	9.80
76.58	9.82
76.60	9.85
76.62	9.94
76.65	9.99
76.67	10.01
76.70	10.10
76.72	10.17
76.75	10.20
76.77	10.27
76.80	10.35
76.82	10.38
76.84	10.42
76.87	10.52
76.89	10.57
76.92	10.60
76.94	10.70
76.97	10.77
76.99	10.79
77.02	10.87
77.04	10.97
77.06	11.00
77.09	11.06
77.11	11.17
77.14	11.20
77.16	11.26
77.19	11.37
77.21	11.44
77.24	11.47
77.26	11.58
77.28	11.67
77.31	11.71
77.33	11.79
77.36	11.90
77.38	11.95
77.41	12.01
77.43	12.13
77.46	12.19
77.48	12.25
77.50	12.37
77.53	12.46
77.55	12.50
77.58	12.61
77.60	12.72
77.63	12.76
77.65	12.84
77.68	12.98
77.70	13.03
77.72	13.10
77.75	13.22
77.77	13.30
77.80	13.35
77.82	13.47
77.85	13.55
77.87	13.59
77.89	13.75
77.92	13.82
77.94	13.85
77.97	13.98
77.99	14.10
78.02	14.13
78.04	14.23
78.07	14.37
78.09	14.41
78.11	14.48
78.14	14.63
78.16	14.70
78.19	14.75
78.21	14.89
78.24	14.99
78.26	15.02
78.29	15.14
78.31	15.28
78.33	15.31
78.36	15.41
78.38	15.55
78.41	15.61
78.43	15.67
78.46	15.83
78.48	15.92
78.51	15.98
78.53	16.11
78.55	16.18
78.58	16.25
78.60	16.39
78.63	16.49
78.65	16.55
78.68	16.68
78.70	16.80
78.73	16.87
78.75	16.98
78.77	17.11
78.80	17.18
78.82	17.26
78.85	17.40
78.87	17.49
78.90	17.56
78.92	17.70
78.94	17.82
78.97	17.89
78.99	18.01
79.02	18.14
79.04	18.22
79.07	18.32
79.09	18.47
79.12	18.55
79.14	18.64
79.16	18.78
79.19	18.90
79.21	18.97
79.24	19.11
79.26	19.24
79.29	19.31
79.31	19.43
79.34	19.58
79.36	19.65
79.38	19.75
79.41	19.90
79.43	20.00
79.46	20.09
79.48	20.23
79.51	20.36
79.53	20.42
79.56	20.56
79.58	20.71
79.60	20.79
79.63	20.90
79.65	21.06
79.68	21.14
79.70	21.23
79.73	21.39
79.75	21.50
79.78	21.56
79.80	21.72
79.82	21.85
79.85	21.93
79.87	22.07
79.90	22.22
79.92	22.30
79.95	22.40
79.97	22.57
79.99	22.67
80.02	22.76
80.04	22.92
80.07	23.05
80.09	23.13
80.12	23.28
80.14	23.43
80.17	23.51
80.19	23.64
80.21	23.80
80.24	23.88
80.26	23.99
80.29	24.16
80.31	24.22
80.34	24.35
80.36	24.54
80.39	24.63
80.41	24.73
80.43	24.94
80.46	25.05
80.48	25.08
80.51	25.25
80.53	25.40
80.56	25.47
80.58	25.62
80.61	25.80
80.63	25.87
80.65	25.98
80.68	26.18
80.70	26.29
80.73	26.37
80.75	26.56
80.78	26.69
80.80	26.76
80.83	26.91
80.85	27.09
80.87	27.16
80.90	27.31
80.92	27.49
80.95	27.57
80.97	27.72
81.00	27.88
81.02	27.98
81.04	28.07
81.07	28.25
81.09	28.35
81.12	28.46
81.14	28.66
81.17	28.79
81.19	28.88
81.22	29.05
81.24	29.20
81.26	29.30
81.29	29.44
81.31	29.60
81.34	29.70
81.36	29.82
81.39	29.99
81.41	30.11
81.44	30.21
81.46	30.37
81.48	30.52
81.51	30.61
81.53	30.77
81.56	30.92
81.58	31.01
81.61	31.14
81.63	31.30
81.66	31.40
81.68	31.50
81.70	31.71
81.73	31.83
81.75	31.92
81.78	32.08
81.80	32.23
81.83	32.32
81.85	32.45
81.88	32.61
81.90	32.70
81.92	32.80
81.95	32.97
81.97	33.07
82.00	33.17
82.02	33.33
82.05	33.46
82.07	33.54
82.10	33.68
82.12	33.83
82.14	33.91
82.17	34.03
82.19	34.18
82.22	34.26
82.24	34.35
82.27	34.51
82.29	34.62
82.31	34.71
82.34	34.86
82.36	34.99
82.39	35.06
82.41	35.18
82.44	35.33
82.46	35.40
82.49	35.50
82.51	35.65
82.53	35.73
82.56	35.82
82.58	35.96
82.61	36.07
82.63	36.14
82.66	36.28
82.68	36.41
82.71	36.49
82.73	36.63
82.75	36.73
82.78	36.78
82.80	36.92
82.83	37.07
82.85	37.11
82.88	37.22
82.90	37.38
82.93	37.45
82.95	37.52
82.97	37.70
83.00	37.80
83.02	37.84
83.05	37.98
83.07	38.11
83.10	38.15
83.12	38.28
83.15	38.44
83.17	38.49
83.19	38.58
83.22	38.75
83.24	38.83
83.27	38.90
83.29	39.07
83.32	39.17
83.34	39.20
83.36	39.32
83.39	39.43
83.41	39.50
83.44	39.64
83.46	39.75
83.49	39.80
83.51	39.92
83.54	40.05
83.56	40.10
83.58	40.20
83.61	40.34
83.63	40.39
83.66	40.46
83.68	40.59
83.71	40.68
83.73	40.73
83.76	40.85
83.78	40.96
83.80	41.01
83.83	41.10
83.85	41.22
83.88	41.27
83.90	41.33
83.93	41.45
83.95	41.52
83.98	41.57
84.00	41.69
84.02	41.77
84.05	41.81
84.07	41.90
84.10	42.00
84.12	42.04
84.15	42.11
84.17	42.22
84.20	42.26
84.22	42.32
84.24	42.42
84.27	42.48
84.29	42.51
84.32	42.61
84.34	42.70
84.37	42.72
84.39	42.80
84.41	42.90
84.44	42.93
84.46	42.98
84.49	43.08
84.51	43.12
84.54	43.15
84.56	43.26
84.59	43.32
84.61	43.33
84.63	43.42
84.66	43.50
84.68	43.52
84.71	43.58
84.73	43.69
84.76	43.71
84.78	43.74
84.81	43.84
84.83	43.89
84.85	43.92
84.88	44.01
84.90	44.07
84.93	44.09
84.95	44.16
84.98	44.24
85.00	44.25
85.03	44.29
85.05	44.39
85.07	44.42
85.10	44.44
85.12	44.54
85.15	44.58
85.17	44.60
85.20	44.72
85.22	44.74
85.25	44.74
85.27	44.85
85.29	44.90
85.32	44.88
85.34	44.96
85.37	45.06
85.39	45.03
85.42	45.08
85.44	45.19
85.47	45.18
85.49	45.19
85.51	45.30
85.54	45.32
85.56	45.31
85.59	45.39
85.61	45.44
85.64	45.42
85.66	45.48
85.68	45.57
85.71	45.55
85.73	45.57
85.76	45.66
85.78	45.66
85.81	45.65
85.83	45.74
85.86	45.74
85.88	45.75
85.90	45.82
85.93	45.83
85.95	45.82
85.98	45.88
86.00	45.91
86.03	45.89
86.05	45.94
86.08	45.98
86.10	45.96
86.12	45.99
86.15	46.05
86.17	46.03
86.20	46.04
86.22	46.09
86.25	46.11
86.27	46.09
86.30	46.14
86.32	46.18
86.34	46.15
86.37	46.17
86.39	46.21
86.42	46.19
86.44	46.19
86.47	46.25
86.49	46.23
86.52	46.21
86.54	46.26
86.56	46.27
86.59	46.23
86.61	46.27
86.64	46.31
86.66	46.28
86.69	46.28
86.71	46.32
86.73	46.29
86.76	46.27
86.78	46.32
86.81	46.32
86.83	46.29
86.86	46.33
86.88	46.34
86.91	46.29
86.93	46.31
86.95	46.33
86.98	46.30
87.00	46.28
87.03	46.33
87.05	46.31
87.08	46.28
87.10	46.32
87.13	46.32
87.15	46.27
87.17	46.30
87.20	46.31
87.22	46.27
87.25	46.27
87.27	46.30
87.30	46.27
87.32	46.24
87.35	46.28
87.37	46.26
87.39	46.21
87.42	46.24
87.44	46.24
87.47	46.18
87.49	46.19
87.52	46.20
87.54	46.15
87.57	46.13
87.59	46.17
87.61	46.11
87.64	46.12
87.66	46.16
87.69	46.07
87.71	46.05
87.74	46.10
87.76	46.06
87.78	45.99
87.81	46.04
87.83	46.01
87.86	45.93
87.88	45.94
87.91	45.97
87.93	45.88
87.96	45.87
87.98	45.91
88.00	45.86
88.03	45.81
88.05	45.86
88.08	45.82
88.10	45.74
88.13	45.77
88.15	45.77
88.18	45.67
88.20	45.67
88.22	45.71
88.25	45.62
88.27	45.61
88.30	45.60
88.32	45.53
88.35	45.52
88.37	45.52
88.40	45.44
88.42	45.40
88.44	45.41
88.47	45.36
88.49	45.30
88.52	45.31
88.54	45.29
88.57	45.20
88.59	45.20
88.62	45.19
88.64	45.12
88.66	45.06
88.69	45.07
88.71	45.01
88.74	44.95
88.76	44.97
88.79	44.92
88.81	44.85
88.83	44.86
88.86	44.84
88.88	44.75
88.91	44.73
88.93	44.73
88.96	44.65
88.98	44.59
89.01	44.60
89.03	44.55
89.05	44.49
89.08	44.49
89.10	44.46
89.13	44.37
89.15	44.37
89.18	44.35
89.20	44.27
89.23	44.24
89.25	44.25
89.27	44.17
89.30	44.10
89.32	44.11
89.35	44.05
89.37	43.98
89.40	43.98
89.42	43.96
89.45	43.88
89.47	43.87
89.49	43.86
89.52	43.78
89.54	43.74
89.57	43.75
89.59	43.68
89.62	43.63
89.64	43.64
89.67	43.61
89.69	43.53
89.71	43.55
89.74	43.53
89.76	43.46
89.79	43.44
89.81	43.44
89.84	43.39
89.86	43.35
89.89	43.37
89.91	43.34
89.93	43.29
89.96	43.31
89.98	43.31
90.01	43.25
90.03	43.27
90.06	43.26
90.08	43.18
90.10	43.21
90.13	43.23
90.15	43.15
90.18	43.17
90.20	43.22
90.23	43.15
90.25	43.14
90.28	43.19
90.30	43.15
90.32	43.10
90.35	43.16
90.37	43.14
90.40	43.08
90.42	43.11
90.45	43.15
90.47	43.08
90.50	43.09
90.52	43.14
90.54	43.08
90.57	43.03
90.59	43.09
90.62	43.07
90.64	43.01
90.67	43.06
90.69	43.06
90.72	43.01
90.74	43.04
90.76	43.03
90.79	42.98
90.81	43.00
90.84	43.01
90.86	42.96
90.89	42.96
90.91	42.98
90.94	42.93
90.96	42.92
90.98	42.96
91.01	42.92
91.03	42.88
91.06	42.91
91.08	42.90
91.11	42.84
91.13	42.86
91.15	42.87
91.18	42.82
91.20	42.80
91.23	42.85
91.25	42.80
91.28	42.76
91.30	42.80
91.33	42.78
91.35	42.74
91.37	42.76
91.40	42.77
91.42	42.71
91.45	42.72
91.47	42.75
91.50	42.70
91.52	42.69
91.55	42.74
91.57	42.71
91.59	42.69
91.62	42.73
91.64	42.74
91.67	42.71
91.69	42.75
91.72	42.78
91.74	42.75
91.77	42.77
91.79	42.84
91.81	42.81
91.84	42.81
91.86	42.89
91.89	42.89
91.91	42.89
91.94	42.97
91.96	43.01
91.99	42.99
92.01	43.04
92.03	43.10
92.06	43.11
92.08	43.15
92.11	43.24
92.13	43.25
92.16	43.26
92.18	43.36
92.20	43.40
92.23	43.40
92.25	43.49
92.28	43.56
92.30	43.56
92.33	43.63
92.35	43.72
92.38	43.74
92.40	43.77
92.42	43.84
92.45	43.87
92.47	43.89
92.50	44.01
92.52	44.01
92.55	44.05
92.57	44.18
92.60	44.21
92.62	44.21
92.64	44.33
92.67	44.40
92.69	44.38
92.72	44.45
92.74	44.56
92.77	44.54
92.79	44.60
92.82	44.72
92.84	44.73
92.86	44.74
92.89	44.88
92.91	44.92
92.94	44.90
92.96	45.00
92.99	45.08
93.01	45.07
93.04	45.14
93.06	45.26
93.08	45.31
93.11	45.33
93.13	45.46
93.16	45.47
93.18	45.53
93.21	45.64
93.23	45.67
93.25	45.71
93.28	45.82
93.30	45.87
93.33	45.90
93.35	46.01
93.38	46.10
93.40	46.12
93.43	46.21
93.45	46.32
93.47	46.35
93.50	46.42
93.52	46.56
93.55	46.61
93.57	46.66
93.60	46.79
93.62	46.88
93.65	46.92
93.67	47.04
93.69	47.16
93.72	47.21
93.74	47.32
93.77	47.47
93.79	47.53
93.82	47.60
93.84	47.76
93.87	47.84
93.89	47.91
93.91	48.05
93.94	48.16
93.96	48.22
93.99	48.36
94.01	48.46
94.04	48.54
94.06	48.65
94.09	48.77
94.11	48.83
94.13	48.92
94.16	49.04
94.18	49.09
94.21	49.16
94.23	49.28
94.26	49.34
94.28	49.38
94.31	49.49
94.33	49.55
94.35	49.58
94.38	49.63
94.40	49.70
94.43	49.71
94.45	49.76
94.48	49.83
94.50	49.84
94.52	49.84
94.55	49.90
94.57	49.91
94.60	49.91
94.62	49.94
94.65	49.96
94.67	49.96
94.70	49.96
94.72	49.98
94.74	49.98
94.77	49.98
94.79	49.99
94.82	49.99
94.84	49.99
94.87	49.99
94.89	49.99
94.92	49.99
94.94	49.99
94.96	49.99
94.99	49.99
95.01	49.99
95.04	49.99
95.06	49.99
95.09	49.99
95.11	49.99
95.14	49.99
95.16	49.99
95.18	49.99
95.21	49.99
95.23	49.99
95.26	49.99
95.28	49.99
95.31	49.99
95.33	49.99
95.36	49.99
95.38	49.99
95.40	49.99
95.43	49.99
95.45	49.99
95.48	49.99
95.50	49.99
95.53	49.99
95.55	49.99
95.57	49.99
95.60	49.99
95.62	49.99
95.65	49.99
95.67	49.99
95.70	49.99
95.72	49.99
95.75	49.99
95.77	49.99
95.79	49.99
95.82	49.99
95.84	49.99
95.87	49.99
95.89	49.99
95.92	49.99
95.94	49.99
95.97	49.99
95.99	49.99
96.01	49.99
96.04	49.99
96.06	49.99
96.09	49.99
96.11	49.99
96.14	49.99
96.16	49.99
96.19	49.99
96.21	49.99
96.23	49.99
96.26	49.99
96.28	49.99
96.31	49.99
96.33	49.99
96.36	49.99
96.38	49.99
96.41	49.99
96.43	49.99
96.45	49.99
96.48	49.99
96.50	49.99
96.53	49.99
96.55	49.99
96.58	49.99
96.60	49.99
96.62	49.99
96.65	49.99
96.67	49.99
96.70	49.99
96.72	49.99
96.75	49.99
96.77	49.99
96.80	49.99
96.82	49.99
96.84	49.99
96.87	49.99
96.89	49.99
96.92	49.99
96.94	49.99
96.97	49.99
96.99	49.99
97.02	49.99
97.04	49.99
97.06	49.99
97.09	49.99
97.11	49.99
97.14	49.99
97.16	49.99
97.19	49.99
97.21	49.99
97.24	49.99
97.26	49.99
97.28	49.99
97.31	49.99
97.33	49.99
97.36	49.99
97.38	49.99
97.41	49.99
97.43	49.99
97.46	49.99
97.48	49.99
97.50	49.99
97.53	49.99
97.55	49.99
97.58	49.99
97.60	49.99
97.63	49.99
97.65	49.99
97.68	49.99
97.70	49.99
97.72	49.99
97.75	49.99
97.77	49.99
97.80	49.99
97.82	49.99
97.85	49.99
97.87	49.99
97.89	49.99
97.92	49.99
97.94	49.99
97.97	49.99
97.99	49.99
98.02	49.99
98.04	49.99
98.07	49.99
98.09	49.99
98.11	49.99
98.14	49.99
98.16	49.99
98.19	49.99
98.21	49.99
98.24	49.99
98.26	49.99
98.29	49.99
98.31	49.99
98.33	49.99
98.36	49.99
98.38	49.99
98.41	49.99
98.43	49.99
98.46	49.99
98.48	49.99
98.51	49.99
98.53	49.99
98.55	49.99
98.58	49.99
98.60	49.99
98.63	49.99
98.65	49.99
98.68	49.99
98.70	49.99
98.73	49.99
98.75	49.99
98.77	49.99
98.80	49.99
98.82	49.99
98.85	49.99
98.87	49.99
98.90	49.99
98.92	49.99
98.94	49.99
98.97	49.99
98.99	49.99
