#U1/V	IA/nA
0.02	0.47
0.04	0.44
0.07	0.41
0.09	0.39
0.12	0.36
0.14	0.34
0.17	0.33
0.19	0.31
0.21	0.29
0.24	0.26
0.26	0.25
0.29	0.23
0.31	0.20
0.34	0.20
0.36	0.17
0.39	0.17
0.41	0.19
0.43	0.17
0.46	0.17
0.48	0.18
0.51	0.18
0.53	0.18
0.56	0.18
0.58	0.19
0.61	0.17
0.63	0.17
0.65	0.19
0.68	0.17
0.70	0.17
0.73	0.19
0.75	0.19
0.78	0.19
0.80	0.20
0.83	0.20
0.85	0.19
0.87	0.19
0.90	0.21
0.92	0.19
0.95	0.19
0.97	0.21
1.00	0.19
1.02	0.19
1.05	0.20
1.07	0.19
1.09	0.19
1.12	0.19
1.14	0.20
1.17	0.19
1.19	0.19
1.22	0.21
1.24	0.19
1.26	0.19
1.29	0.21
1.31	0.19
1.34	0.19
1.36	0.20
1.39	0.20
1.41	0.19
1.44	0.19
1.46	0.21
1.48	0.19
1.51	0.19
1.53	0.21
1.56	0.19
1.58	0.19
1.61	0.21
1.63	0.20
1.66	0.20
1.68	0.20
1.70	0.21
1.73	0.20
1.75	0.20
1.78	0.22
1.80	0.20
1.83	0.20
1.85	0.22
1.88	0.21
1.90	0.21
1.92	0.22
1.95	0.21
1.97	0.21
2.00	0.21
2.02	0.22
2.05	0.21
2.07	0.21
2.10	0.23
2.12	0.21
2.14	0.21
2.17	0.22
2.19	0.20
2.22	0.20
2.24	0.22
2.27	0.21
2.29	0.19
2.31	0.22
2.34	0.22
2.36	0.20
2.39	0.21
2.41	0.22
2.44	0.20
2.46	0.20
2.49	0.22
2.51	0.20
2.53	0.19
2.56	0.22
2.58	0.21
2.61	0.19
2.63	0.21
2.66	0.21
2.68	0.19
2.71	0.20
2.73	0.21
2.75	0.19
2.78	0.19
2.80	0.21
2.83	0.19
2.85	0.19
2.88	0.22
2.90	0.20
2.93	0.20
2.95	0.21
2.97	0.20
3.00	0.20
3.02	0.20
3.05	0.21
3.07	0.19
3.10	0.19
3.12	0.21
3.15	0.20
3.17	0.20
3.19	0.22
3.22	0.19
3.24	0.19
3.27	0.20
3.29	0.20
3.32	0.20
3.34	0.20
3.36	0.21
3.39	0.20
3.41	0.20
3.44	0.22
3.46	0.19
3.49	0.19
3.51	0.21
3.54	0.19
3.56	0.19
3.58	0.20
3.61	0.20
3.63	0.19
3.66	0.19
3.68	0.21
3.71	0.19
3.73	0.19
3.76	0.21
3.78	0.19
3.80	0.19
3.83	0.20
3.85	0.20
3.88	0.20
3.90	0.20
3.93	0.21
3.95	0.20
3.98	0.20
4.00	0.22
4.02	0.19
4.05	0.19
4.07	0.21
4.10	0.20
4.12	0.20
4.15	0.20
4.17	0.21
4.20	0.19
4.22	0.19
4.24	0.21
4.27	0.19
4.29	0.19
4.32	0.21
4.34	0.20
4.37	0.20
4.39	0.21
4.42	0.20
4.44	0.20
4.46	0.20
4.49	0.20
4.51	0.19
4.54	0.19
4.56	0.22
4.59	0.19
4.61	0.21
4.63	0.22
4.66	0.20
4.68	0.20
4.71	0.22
4.73	0.21
4.76	0.20
4.78	0.22
4.81	0.22
4.83	0.20
4.85	0.22
4.88	0.22
4.90	0.20
4.93	0.21
4.95	0.23
4.98	0.21
5.00	0.20
5.03	0.23
5.05	0.22
5.07	0.20
5.10	0.22
5.12	0.22
5.15	0.20
5.17	0.21
5.20	0.22
5.22	0.20
5.25	0.20
5.27	0.20
5.29	0.19
5.32	0.19
5.34	0.22
5.37	0.20
5.39	0.20
5.42	0.21
5.44	0.20
5.47	0.20
5.49	0.21
5.51	0.21
5.54	0.20
5.56	0.20
5.59	0.21
5.61	0.20
5.64	0.20
5.66	0.22
5.68	0.20
5.71	0.20
5.73	0.21
5.76	0.20
5.78	0.20
5.81	0.20
5.83	0.21
5.86	0.20
5.88	0.20
5.90	0.23
5.93	0.21
5.95	0.21
5.98	0.23
6.00	0.22
6.03	0.22
6.05	0.22
6.08	0.23
6.10	0.22
6.12	0.22
6.15	0.24
6.17	0.22
6.20	0.22
6.22	0.24
6.25	0.22
6.27	0.22
6.30	0.23
6.32	0.23
6.34	0.23
6.37	0.23
6.39	0.24
6.42	0.23
6.44	0.23
6.47	0.26
6.49	0.24
6.52	0.23
6.54	0.26
6.56	0.25
6.59	0.25
6.61	0.26
6.64	0.26
6.66	0.25
6.69	0.25
6.71	0.27
6.73	0.25
6.76	0.25
6.78	0.27
6.81	0.25
6.83	0.25
6.86	0.27
6.88	0.27
6.91	0.26
6.93	0.27
6.95	0.28
6.98	0.26
7.00	0.26
7.03	0.28
7.05	0.26
7.08	0.28
7.10	0.30
7.13	0.26
7.15	0.28
7.17	0.30
7.20	0.28
7.22	0.27
7.25	0.30
7.27	0.29
7.30	0.27
7.32	0.30
7.35	0.31
7.37	0.28
7.39	0.30
7.42	0.32
7.44	0.30
7.47	0.30
7.49	0.33
7.52	0.31
7.54	0.29
7.57	0.33
7.59	0.33
7.61	0.30
7.64	0.32
7.66	0.34
7.69	0.32
7.71	0.34
7.74	0.34
7.76	0.33
7.78	0.33
7.81	0.34
7.83	0.32
7.86	0.32
7.88	0.35
7.91	0.33
7.93	0.33
7.96	0.35
7.98	0.34
8.00	0.33
8.03	0.34
8.05	0.35
8.08	0.33
8.10	0.33
8.13	0.38
8.15	0.36
8.18	0.36
8.20	0.39
8.22	0.37
8.25	0.37
8.27	0.38
8.30	0.39
8.32	0.37
8.35	0.37
8.37	0.39
8.40	0.36
8.42	0.36
8.44	0.39
8.47	0.38
8.49	0.38
8.52	0.38
8.54	0.38
8.57	0.37
8.59	0.37
8.62	0.39
8.64	0.36
8.66	0.36
8.69	0.39
8.71	0.37
8.74	0.37
8.76	0.39
8.79	0.36
8.81	0.35
8.84	0.37
8.86	0.37
8.88	0.35
8.91	0.35
8.93	0.37
8.96	0.34
8.98	0.34
9.01	0.37
9.03	0.35
9.05	0.35
9.08	0.37
9.10	0.37
9.13	0.35
9.15	0.36
9.18	0.40
9.20	0.37
9.23	0.37
9.25	0.39
9.27	0.37
9.30	0.37
9.32	0.40
9.35	0.39
9.37	0.38
9.40	0.40
9.42	0.41
9.45	0.38
9.47	0.41
9.49	0.40
9.52	0.37
9.54	0.40
9.57	0.42
9.59	0.39
9.62	0.41
9.64	0.44
9.67	0.42
9.69	0.41
9.71	0.45
9.74	0.43
9.76	0.40
9.79	0.44
9.81	0.44
9.84	0.40
9.86	0.44
9.89	0.46
9.91	0.43
9.93	0.44
9.96	0.47
9.98	0.44
10.01	0.42
10.03	0.45
10.06	0.44
10.08	0.41
10.10	0.44
10.13	0.43
10.15	0.43
10.18	0.45
10.20	0.45
10.23	0.43
10.25	0.44
10.28	0.46
10.30	0.43
10.32	0.43
10.35	0.46
10.37	0.43
10.40	0.43
10.42	0.46
10.45	0.45
10.47	0.44
10.50	0.46
10.52	0.46
10.54	0.44
10.57	0.44
10.59	0.46
10.62	0.44
10.64	0.44
10.67	0.47
10.69	0.46
10.72	0.45
10.74	0.48
10.76	0.48
10.79	0.46
10.81	0.47
10.84	0.48
10.86	0.45
10.89	0.45
10.91	0.48
10.94	0.46
10.96	0.46
10.98	0.49
11.01	0.48
11.03	0.47
11.06	0.49
11.08	0.50
11.11	0.47
11.13	0.48
11.15	0.51
11.18	0.48
11.20	0.48
11.23	0.52
11.25	0.51
11.28	0.50
11.30	0.53
11.33	0.52
11.35	0.50
11.37	0.51
11.40	0.53
11.42	0.50
11.45	0.50
11.47	0.54
11.50	0.52
11.52	0.51
11.55	0.54
11.57	0.54
11.59	0.52
11.62	0.54
11.64	0.55
11.67	0.53
11.69	0.53
11.72	0.55
11.74	0.53
11.77	0.53
11.79	0.56
11.81	0.54
11.84	0.53
11.86	0.56
11.89	0.55
11.91	0.53
11.94	0.58
11.96	0.56
11.99	0.53
12.01	0.57
12.03	0.58
12.06	0.53
12.08	0.56
12.11	0.60
12.13	0.55
12.16	0.55
12.18	0.60
12.21	0.57
12.23	0.55
12.25	0.60
12.28	0.59
12.30	0.55
12.33	0.59
12.35	0.61
12.38	0.57
12.40	0.59
12.42	0.63
12.45	0.59
12.47	0.57
12.50	0.62
12.52	0.60
12.55	0.57
12.57	0.62
12.60	0.60
12.62	0.58
12.64	0.61
12.67	0.61
12.69	0.59
12.72	0.61
12.74	0.62
12.77	0.59
12.79	0.60
12.82	0.63
12.84	0.61
12.86	0.60
12.89	0.63
12.91	0.62
12.94	0.60
12.96	0.63
12.99	0.64
13.01	0.61
13.04	0.63
13.06	0.65
13.08	0.62
13.11	0.63
13.13	0.65
13.16	0.63
13.18	0.62
13.21	0.65
13.23	0.65
13.26	0.63
13.28	0.65
13.30	0.66
13.33	0.63
13.35	0.64
13.38	0.67
13.40	0.65
13.43	0.65
13.45	0.68
13.47	0.67
13.50	0.65
13.52	0.68
13.55	0.68
13.57	0.65
13.60	0.67
13.62	0.69
13.65	0.66
13.67	0.66
13.69	0.70
13.72	0.68
13.74	0.66
13.77	0.69
13.79	0.69
13.82	0.67
13.84	0.70
13.87	0.71
13.89	0.68
13.91	0.70
13.94	0.71
13.96	0.68
13.99	0.68
14.01	0.71
14.04	0.70
14.06	0.68
14.09	0.71
14.11	0.72
14.13	0.69
14.16	0.71
14.18	0.73
14.21	0.71
14.23	0.71
14.26	0.74
14.28	0.72
14.31	0.71
14.33	0.75
14.35	0.72
14.38	0.71
14.40	0.76
14.43	0.74
14.45	0.71
14.48	0.75
14.50	0.75
14.52	0.71
14.55	0.73
14.57	0.76
14.60	0.73
14.62	0.74
14.65	0.78
14.67	0.75
14.70	0.73
14.72	0.78
14.74	0.76
14.77	0.73
14.79	0.76
14.82	0.78
14.84	0.73
14.87	0.74
14.89	0.78
14.92	0.74
14.94	0.73
14.96	0.78
14.99	0.75
15.01	0.74
15.04	0.77
15.06	0.74
15.09	0.73
15.11	0.76
15.14	0.75
15.16	0.73
15.18	0.75
15.21	0.75
15.23	0.72
15.26	0.74
15.28	0.75
15.31	0.72
15.33	0.72
15.36	0.74
15.38	0.72
15.40	0.71
15.43	0.74
15.45	0.73
15.48	0.71
15.50	0.72
15.53	0.74
15.55	0.70
15.57	0.70
15.60	0.73
15.62	0.70
15.65	0.69
15.67	0.71
15.70	0.70
15.72	0.68
15.75	0.70
15.77	0.70
15.79	0.67
15.82	0.68
15.84	0.70
15.87	0.67
15.89	0.66
15.92	0.69
15.94	0.67
15.97	0.65
15.99	0.68
16.01	0.67
16.04	0.64
16.06	0.65
16.09	0.66
16.11	0.64
16.14	0.63
16.16	0.66
16.19	0.63
16.21	0.62
16.23	0.64
16.26	0.63
16.28	0.61
16.31	0.63
16.33	0.63
16.36	0.60
16.38	0.61
16.41	0.63
16.43	0.60
16.45	0.59
16.48	0.61
16.50	0.60
16.53	0.58
16.55	0.61
16.58	0.61
16.60	0.57
16.63	0.58
16.65	0.59
16.67	0.56
16.70	0.56
16.72	0.59
16.75	0.56
16.77	0.54
16.80	0.58
16.82	0.53
16.84	0.53
16.87	0.57
16.89	0.54
16.92	0.51
16.94	0.55
16.97	0.53
16.99	0.49
17.02	0.52
17.04	0.57
17.06	0.52
17.09	0.53
17.11	0.56
17.14	0.53
17.16	0.50
17.19	0.54
17.21	0.52
17.24	0.48
17.26	0.52
17.28	0.53
17.31	0.49
17.33	0.51
17.36	0.54
17.38	0.50
17.41	0.49
17.43	0.53
17.46	0.49
17.48	0.49
17.50	0.52
17.53	0.49
17.55	0.48
17.58	0.51
17.60	0.49
17.63	0.49
17.65	0.51
17.68	0.51
17.70	0.45
17.72	0.46
17.75	0.48
17.77	0.45
17.80	0.44
17.82	0.47
17.85	0.45
17.87	0.44
17.89	0.47
17.92	0.45
17.94	0.44
17.97	0.45
17.99	0.46
18.02	0.43
18.04	0.43
18.07	0.45
18.09	0.42
18.11	0.42
18.14	0.45
18.16	0.43
18.19	0.42
18.21	0.44
18.24	0.44
18.26	0.42
18.29	0.42
18.31	0.44
18.33	0.41
18.36	0.41
18.38	0.43
18.41	0.41
18.43	0.40
18.46	0.43
18.48	0.42
18.51	0.40
18.53	0.41
18.55	0.42
18.58	0.39
18.60	0.39
18.63	0.42
18.65	0.39
18.68	0.38
18.70	0.41
18.73	0.40
18.75	0.39
18.77	0.41
18.80	0.41
18.82	0.38
18.85	0.39
18.87	0.40
18.90	0.37
18.92	0.37
18.94	0.39
18.97	0.37
18.99	0.36
19.02	0.38
19.04	0.38
19.07	0.37
19.09	0.37
19.12	0.38
19.14	0.35
19.16	0.35
19.19	0.37
19.21	0.34
19.24	0.35
19.26	0.37
19.29	0.33
19.31	0.34
19.34	0.37
19.36	0.34
19.38	0.32
19.41	0.36
19.43	0.34
19.46	0.31
19.48	0.34
19.51	0.35
19.53	0.32
19.56	0.34
19.58	0.37
19.60	0.34
19.63	0.33
19.65	0.36
19.68	0.34
19.70	0.31
19.73	0.35
19.75	0.35
19.78	0.32
19.80	0.34
19.82	0.36
19.85	0.33
19.87	0.33
19.90	0.36
19.92	0.33
19.95	0.33
19.97	0.35
19.99	0.32
20.02	0.32
20.04	0.35
20.07	0.33
20.09	0.33
20.12	0.35
20.14	0.34
20.17	0.32
20.19	0.33
20.21	0.34
20.24	0.31
20.26	0.31
20.29	0.34
20.31	0.32
20.34	0.32
20.36	0.33
20.39	0.32
20.41	0.31
20.43	0.32
20.46	0.33
20.48	0.31
20.51	0.31
20.53	0.33
20.56	0.30
20.58	0.30
20.61	0.32
20.63	0.30
20.65	0.30
20.68	0.31
20.70	0.31
20.73	0.29
20.75	0.29
20.78	0.31
20.80	0.28
20.83	0.28
20.85	0.31
20.87	0.29
20.90	0.29
20.92	0.30
20.95	0.30
20.97	0.29
21.00	0.29
21.02	0.30
21.05	0.28
21.07	0.28
21.09	0.30
21.12	0.27
21.14	0.27
21.17	0.30
21.19	0.28
21.22	0.28
21.24	0.29
21.26	0.29
21.29	0.27
21.31	0.27
21.34	0.29
21.36	0.27
21.39	0.27
21.41	0.30
21.44	0.27
21.46	0.27
21.48	0.29
21.51	0.27
21.53	0.26
21.56	0.27
21.58	0.27
21.61	0.25
21.63	0.25
21.66	0.28
21.68	0.26
21.70	0.28
21.73	0.29
21.75	0.26
21.78	0.26
21.80	0.28
21.83	0.26
21.85	0.25
21.88	0.27
21.90	0.26
21.92	0.24
21.95	0.26
21.97	0.26
22.00	0.24
22.02	0.25
22.05	0.27
22.07	0.24
22.10	0.23
22.12	0.26
22.14	0.24
22.17	0.23
22.19	0.25
22.22	0.25
22.24	0.23
22.27	0.25
22.29	0.26
22.31	0.22
22.34	0.23
22.36	0.23
22.39	0.22
22.41	0.22
22.44	0.24
22.46	0.22
22.49	0.22
22.51	0.24
22.53	0.23
22.56	0.23
22.58	0.24
22.61	0.24
22.63	0.23
22.66	0.24
22.68	0.25
22.71	0.23
22.73	0.23
22.75	0.27
22.78	0.25
22.80	0.25
22.83	0.28
22.85	0.27
22.88	0.27
22.90	0.29
22.93	0.31
22.95	0.30
22.97	0.30
23.00	0.34
23.02	0.32
23.05	0.32
23.07	0.36
23.10	0.36
23.12	0.36
23.15	0.40
23.17	0.42
23.19	0.42
23.22	0.44
23.24	0.48
23.27	0.48
23.29	0.50
23.32	0.56
23.34	0.57
23.36	0.58
23.39	0.64
23.41	0.66
23.44	0.67
23.46	0.70
23.49	0.73
23.51	0.73
23.54	0.77
23.56	0.83
23.58	0.84
23.61	0.87
23.63	0.95
23.66	0.97
23.68	1.00
23.71	1.06
23.73	1.10
23.76	1.11
23.78	1.17
23.80	1.23
23.83	1.24
23.85	1.29
23.88	1.36
23.90	1.37
23.93	1.40
23.95	1.48
23.98	1.51
24.00	1.53
24.02	1.60
24.05	1.64
24.07	1.66
24.10	1.72
24.12	1.79
24.15	1.80
24.17	1.88
24.20	1.94
24.22	1.93
24.24	1.99
24.27	2.07
24.29	2.05
24.32	2.09
24.34	2.17
24.37	2.19
24.39	2.21
24.42	2.30
24.44	2.33
24.46	2.33
24.49	2.40
24.51	2.47
24.54	2.46
24.56	2.51
24.59	2.59
24.61	2.59
24.63	2.61
24.66	2.70
24.68	2.72
24.71	2.71
24.73	2.78
24.76	2.84
24.78	2.84
24.81	2.90
24.83	2.94
24.85	2.94
24.88	3.00
24.90	3.05
24.93	3.05
24.95	3.10
24.98	3.17
25.00	3.18
25.03	3.21
25.05	3.27
25.07	3.30
25.10	3.31
25.12	3.37
25.15	3.40
25.17	3.41
25.20	3.46
25.22	3.51
25.25	3.51
25.27	3.55
25.29	3.62
25.32	3.63
25.34	3.65
25.37	3.71
25.39	3.74
25.42	3.75
25.44	3.80
25.47	3.85
25.49	3.85
25.51	3.89
25.54	3.95
25.56	3.96
25.59	3.99
25.61	4.04
25.64	4.04
25.66	4.05
25.68	4.11
25.71	4.14
25.73	4.14
25.76	4.19
25.78	4.23
25.81	4.23
25.83	4.26
25.86	4.32
25.88	4.33
25.90	4.34
25.93	4.40
25.95	4.42
25.98	4.42
26.00	4.47
26.03	4.51
26.05	4.51
26.08	4.54
26.10	4.60
26.12	4.60
26.15	4.61
26.17	4.67
26.20	4.69
26.22	4.69
26.25	4.75
26.27	4.78
26.30	4.79
26.32	4.84
26.34	4.88
26.37	4.88
26.39	4.90
26.42	4.95
26.44	4.96
26.47	4.97
26.49	5.03
26.52	5.05
26.54	5.04
26.56	5.11
26.59	5.10
26.61	5.09
26.64	5.16
26.66	5.19
26.69	5.17
26.71	5.22
26.73	5.27
26.76	5.24
26.78	5.27
26.81	5.34
26.83	5.32
26.86	5.32
26.88	5.38
26.91	5.39
26.93	5.37
26.95	5.43
26.98	5.47
27.00	5.44
27.03	5.48
27.05	5.54
27.08	5.52
27.10	5.53
27.13	5.60
27.15	5.60
27.17	5.59
27.20	5.66
27.22	5.66
27.25	5.67
27.27	5.72
27.30	5.73
27.32	5.72
27.35	5.76
27.37	5.79
27.39	5.78
27.42	5.81
27.44	5.85
27.47	5.84
27.49	5.85
27.52	5.90
27.54	5.90
27.57	5.90
27.59	5.95
27.61	5.97
27.64	5.96
27.66	5.99
27.69	6.02
27.71	6.01
27.74	6.02
27.76	6.07
27.78	6.06
27.81	6.06
27.83	6.11
27.86	6.11
27.88	6.11
27.91	6.15
27.93	6.18
27.96	6.16
27.98	6.19
28.00	6.23
28.03	6.22
28.05	6.23
28.08	6.27
28.10	6.28
28.13	6.27
28.15	6.32
28.18	6.33
28.20	6.32
28.22	6.35
28.25	6.38
28.27	6.36
28.30	6.38
28.32	6.43
28.35	6.42
28.37	6.42
28.40	6.47
28.42	6.48
28.44	6.47
28.47	6.51
28.49	6.53
28.52	6.52
28.54	6.54
28.57	6.57
28.59	6.56
28.62	6.57
28.64	6.61
28.66	6.61
28.69	6.60
28.71	6.65
28.74	6.66
28.76	6.64
28.79	6.67
28.81	6.70
28.84	6.68
28.86	6.70
28.88	6.74
28.91	6.73
28.93	6.73
28.96	6.77
28.98	6.78
29.01	6.77
29.03	6.83
29.05	6.81
29.08	6.80
29.10	6.86
29.13	6.85
29.15	6.82
29.18	6.87
29.20	6.90
29.23	6.87
29.25	6.89
29.27	6.94
29.30	6.92
29.32	6.91
29.35	6.98
29.37	6.97
29.40	6.95
29.42	7.01
29.45	7.02
29.47	6.98
29.49	7.02
29.52	7.06
29.54	7.03
29.57	7.04
29.59	7.10
29.62	7.08
29.64	7.06
29.67	7.12
29.69	7.10
29.71	7.11
29.74	7.15
29.76	7.14
29.79	7.14
29.81	7.17
29.84	7.19
29.86	7.17
29.89	7.20
29.91	7.23
29.93	7.21
29.96	7.22
29.98	7.26
30.01	7.24
30.03	7.24
30.06	7.28
30.08	7.28
30.10	7.27
30.13	7.31
30.15	7.32
30.18	7.31
30.20	7.33
30.23	7.36
30.25	7.33
30.28	7.34
30.30	7.38
30.32	7.38
30.35	7.37
30.37	7.41
30.40	7.42
30.42	7.40
30.45	7.42
30.47	7.45
30.50	7.43
30.52	7.44
30.54	7.47
30.57	7.46
30.59	7.45
30.62	7.50
30.64	7.50
30.67	7.48
30.69	7.52
30.72	7.53
30.74	7.51
30.76	7.52
30.79	7.55
30.81	7.54
30.84	7.54
30.86	7.58
30.89	7.57
30.91	7.56
30.94	7.59
30.96	7.60
30.98	7.58
31.01	7.60
31.03	7.62
31.06	7.60
31.08	7.61
31.11	7.65
31.13	7.63
31.15	7.63
31.18	7.66
31.20	7.65
31.23	7.62
31.25	7.65
31.28	7.66
31.30	7.63
31.33	7.64
31.35	7.66
31.37	7.64
31.40	7.63
31.42	7.66
31.45	7.62
31.47	7.63
31.50	7.67
31.52	7.63
31.55	7.60
31.57	7.65
31.59	7.63
31.62	7.59
31.64	7.62
31.67	7.61
31.69	7.55
31.72	7.56
31.74	7.58
31.77	7.52
31.79	7.50
31.81	7.53
31.84	7.50
31.86	7.45
31.89	7.49
31.91	7.46
31.94	7.41
31.96	7.42
31.99	7.43
32.01	7.36
32.03	7.35
32.06	7.36
32.08	7.30
32.11	7.28
32.13	7.27
32.16	7.22
32.18	7.19
32.20	7.20
32.23	7.15
32.25	7.11
32.28	7.11
32.30	7.08
32.33	7.03
32.35	7.02
32.38	7.00
32.40	6.94
32.42	6.93
32.45	6.92
32.47	6.86
32.50	6.82
32.52	6.82
32.55	6.77
32.57	6.72
32.60	6.71
32.62	6.68
32.64	6.62
32.67	6.59
32.69	6.58
32.72	6.52
32.74	6.48
32.77	6.48
32.79	6.42
32.82	6.37
32.84	6.36
32.86	6.32
32.89	6.25
32.91	6.24
32.94	6.21
32.96	6.14
32.99	6.11
33.01	6.09
33.04	6.03
33.06	5.99
33.08	5.97
33.11	5.93
33.13	5.86
33.16	5.85
33.18	5.81
33.21	5.74
33.23	5.72
33.26	5.69
33.28	5.62
33.30	5.58
33.33	5.56
33.35	5.51
33.38	5.45
33.40	5.43
33.43	5.39
33.45	5.32
33.47	5.30
33.50	5.27
33.52	5.19
33.55	5.16
33.57	5.14
33.60	5.06
33.62	5.02
33.65	5.00
33.67	4.95
33.69	4.88
33.72	4.86
33.74	4.83
33.77	4.75
33.79	4.72
33.82	4.70
33.84	4.63
33.87	4.58
33.89	4.57
33.91	4.48
33.94	4.46
33.96	4.45
33.99	4.37
34.01	4.31
34.04	4.32
34.06	4.25
34.09	4.18
34.11	4.18
34.13	4.15
34.16	4.06
34.18	4.05
34.21	4.04
34.23	3.95
34.26	3.91
34.28	3.91
34.31	3.84
34.33	3.77
34.35	3.78
34.38	3.73
34.40	3.65
34.43	3.64
34.45	3.63
34.48	3.54
34.50	3.52
34.52	3.52
34.55	3.44
34.57	3.42
34.60	3.39
34.62	3.33
34.65	3.30
34.67	3.29
34.70	3.23
34.72	3.18
34.74	3.17
34.77	3.12
34.79	3.06
34.82	3.05
34.84	3.02
34.87	2.96
34.89	2.94
34.92	2.93
34.94	2.87
34.96	2.83
34.99	2.82
35.01	2.78
35.04	2.73
35.06	2.72
35.09	2.69
35.11	2.62
35.14	2.61
35.16	2.59
35.18	2.53
35.21	2.50
35.23	2.49
35.26	2.44
35.28	2.39
35.31	2.39
35.33	2.35
35.36	2.29
35.38	2.29
35.40	2.27
35.43	2.21
35.45	2.19
35.48	2.18
35.50	2.12
35.53	2.08
35.55	2.08
35.57	2.04
35.60	1.99
35.62	1.99
35.65	1.96
35.67	1.91
35.70	1.90
35.72	1.89
35.75	1.83
35.77	1.81
35.79	1.81
35.82	1.76
35.84	1.73
35.87	1.73
35.89	1.70
35.92	1.65
35.94	1.65
35.97	1.63
35.99	1.57
36.01	1.56
36.04	1.56
36.06	1.51
36.09	1.48
36.11	1.49
36.14	1.46
36.16	1.42
36.19	1.42
36.21	1.40
36.23	1.35
36.26	1.35
36.28	1.34
36.31	1.29
36.33	1.29
36.36	1.28
36.38	1.20
36.41	1.21
36.43	1.22
36.45	1.15
36.48	1.13
36.50	1.15
36.53	1.10
36.55	1.05
36.58	1.08
36.60	1.05
36.62	0.99
36.65	1.00
36.67	1.01
36.70	0.93
36.72	0.93
36.75	0.95
36.77	0.89
36.80	0.85
36.82	0.89
36.84	0.85
36.87	0.79
36.89	0.82
36.92	0.81
36.94	0.75
36.97	0.75
36.99	0.74
37.02	0.70
37.04	0.71
37.06	0.70
37.09	0.65
37.11	0.65
37.14	0.66
37.16	0.61
37.19	0.59
37.21	0.61
37.24	0.58
37.26	0.56
37.28	0.57
37.31	0.56
37.33	0.52
37.36	0.52
37.38	0.52
37.41	0.47
37.43	0.47
37.46	0.49
37.48	0.45
37.50	0.44
37.53	0.45
37.55	0.43
37.58	0.41
37.60	0.41
37.63	0.41
37.65	0.37
37.68	0.37
37.70	0.39
37.72	0.35
37.75	0.34
37.77	0.36
37.80	0.33
37.82	0.33
37.85	0.34
37.87	0.33
37.89	0.30
37.92	0.30
37.94	0.31
37.97	0.28
37.99	0.28
38.02	0.29
38.04	0.26
38.07	0.26
38.09	0.27
38.11	0.25
38.14	0.24
38.16	0.24
38.19	0.24
38.21	0.22
38.24	0.22
38.26	0.24
38.29	0.21
38.31	0.21
38.33	0.22
38.36	0.20
38.38	0.20
38.41	0.20
38.43	0.20
38.46	0.18
38.48	0.18
38.51	0.19
38.53	0.17
38.55	0.17
38.58	0.18
38.60	0.16
38.63	0.16
38.65	0.16
38.68	0.16
38.70	0.15
38.73	0.15
38.75	0.16
38.77	0.15
38.80	0.16
38.82	0.16
38.85	0.14
38.87	0.14
38.90	0.15
38.92	0.13
38.94	0.13
38.97	0.14
38.99	0.13
39.02	0.12
39.04	0.14
39.07	0.14
39.09	0.13
39.12	0.14
39.14	0.14
39.16	0.12
39.19	0.12
39.21	0.13
39.24	0.12
39.26	0.12
39.29	0.14
39.31	0.14
39.34	0.13
39.36	0.15
39.38	0.15
39.41	0.13
39.43	0.15
39.46	0.15
39.48	0.15
39.51	0.15
39.53	0.17
39.56	0.17
39.58	0.17
39.60	0.21
39.63	0.19
39.65	0.20
39.68	0.23
39.70	0.23
39.73	0.23
39.75	0.26
39.78	0.29
39.80	0.29
39.82	0.30
39.85	0.36
39.87	0.35
39.90	0.36
39.92	0.42
39.95	0.43
39.97	0.44
39.99	0.49
40.02	0.52
40.04	0.53
40.07	0.58
40.09	0.63
40.12	0.64
40.14	0.67
40.17	0.74
40.19	0.75
40.21	0.78
40.24	0.86
40.26	0.89
40.29	0.92
40.31	0.99
40.34	1.04
40.36	1.05
40.39	1.11
40.41	1.18
40.43	1.19
40.46	1.24
40.48	1.33
40.51	1.34
40.53	1.38
40.56	1.47
40.58	1.50
40.61	1.52
40.63	1.61
40.65	1.66
40.68	1.68
40.70	1.74
40.73	1.81
40.75	1.82
40.78	1.87
40.80	1.95
40.83	1.98
40.85	2.00
40.87	2.09
40.90	2.13
40.92	2.14
40.95	2.21
40.97	2.28
41.00	2.29
41.02	2.33
41.05	2.41
41.07	2.43
41.09	2.46
41.12	2.55
41.14	2.58
41.17	2.59
41.19	2.67
41.22	2.70
41.24	2.71
41.26	2.82
41.29	2.84
41.31	2.83
41.34	2.91
41.36	2.99
41.39	2.94
41.41	3.00
41.44	3.10
41.46	3.08
41.48	3.12
41.51	3.23
41.53	3.24
41.56	3.24
41.58	3.34
41.61	3.39
41.63	3.37
41.66	3.45
41.68	3.54
41.70	3.52
41.73	3.57
41.75	3.67
41.78	3.68
41.80	3.69
41.83	3.81
41.85	3.84
41.88	3.86
41.90	3.95
41.92	3.98
41.95	4.00
41.97	4.09
42.00	4.14
42.02	4.14
42.05	4.25
42.07	4.32
42.10	4.33
42.12	4.39
42.14	4.47
42.17	4.48
42.19	4.52
42.22	4.60
42.24	4.64
42.27	4.66
42.29	4.75
42.31	4.80
42.34	4.81
42.36	4.88
42.39	4.96
42.41	4.97
42.44	5.00
42.46	5.07
42.49	5.09
42.51	5.11
42.53	5.20
42.56	5.24
42.58	5.25
42.61	5.32
42.63	5.39
42.66	5.39
42.68	5.45
42.71	5.53
42.73	5.53
42.75	5.56
42.78	5.65
42.80	5.68
42.83	5.69
42.85	5.77
42.88	5.82
42.90	5.83
42.93	5.88
42.95	5.95
42.97	5.96
43.00	5.99
43.02	6.08
43.05	6.10
43.07	6.11
43.10	6.20
43.12	6.26
43.15	6.25
43.17	6.32
43.19	6.38
43.22	6.38
43.24	6.42
43.27	6.50
43.29	6.51
43.32	6.53
43.34	6.61
43.36	6.64
43.39	6.65
43.41	6.72
43.44	6.76
43.46	6.76
43.49	6.82
43.51	6.88
43.54	6.88
43.56	6.91
43.58	6.99
43.61	7.00
43.63	7.01
43.66	7.11
43.68	7.09
43.71	7.11
43.73	7.21
43.76	7.22
43.78	7.21
43.80	7.31
43.83	7.35
43.85	7.32
43.88	7.39
43.90	7.47
43.93	7.44
43.95	7.48
43.98	7.57
44.00	7.57
44.02	7.57
44.05	7.67
44.07	7.69
44.10	7.67
44.12	7.75
44.15	7.81
44.17	7.79
44.20	7.84
44.22	7.92
44.24	7.91
44.27	7.92
44.29	8.02
44.32	8.01
44.34	8.05
44.37	8.12
44.39	8.12
44.41	8.14
44.44	8.21
44.46	8.23
44.49	8.23
44.51	8.30
44.54	8.34
44.56	8.33
44.59	8.38
44.61	8.44
44.63	8.43
44.66	8.45
44.68	8.53
44.71	8.54
44.73	8.55
44.76	8.62
44.78	8.64
44.81	8.64
44.83	8.69
44.85	8.74
44.88	8.74
44.90	8.77
44.93	8.84
44.95	8.84
44.98	8.85
45.00	8.92
45.03	8.94
45.05	8.93
45.07	9.00
45.10	9.04
45.12	9.03
45.15	9.07
45.17	9.12
45.20	9.12
45.22	9.14
45.25	9.21
45.27	9.22
45.29	9.22
45.32	9.29
45.34	9.31
45.37	9.29
45.39	9.35
45.42	9.40
45.44	9.39
45.47	9.42
45.49	9.49
45.51	9.48
45.54	9.50
45.56	9.56
45.59	9.58
45.61	9.58
45.64	9.63
45.66	9.67
45.68	9.66
45.71	9.71
45.73	9.76
45.76	9.75
45.78	9.77
45.81	9.83
45.83	9.84
45.86	9.84
45.88	9.90
45.90	9.93
45.93	9.91
45.95	9.97
45.98	10.01
46.00	10.00
46.03	10.03
46.05	10.10
46.08	10.08
46.10	10.11
46.12	10.18
46.15	10.14
46.17	10.16
46.20	10.25
46.22	10.24
46.25	10.22
46.27	10.31
46.30	10.32
46.32	10.29
46.34	10.35
46.37	10.41
46.39	10.37
46.42	10.41
46.44	10.48
46.47	10.46
46.49	10.46
46.52	10.55
46.54	10.55
46.56	10.52
46.59	10.60
46.61	10.63
46.64	10.59
46.66	10.65
46.69	10.71
46.71	10.67
46.73	10.70
46.76	10.76
46.78	10.74
46.81	10.78
46.83	10.83
46.86	10.81
46.88	10.83
46.91	10.89
46.93	10.89
46.95	10.89
46.98	10.95
47.00	10.97
47.03	10.94
47.05	10.99
47.08	11.03
47.10	11.01
47.13	11.03
47.15	11.09
47.17	11.08
47.20	11.08
47.22	11.15
47.25	11.16
47.27	11.14
47.30	11.20
47.32	11.22
47.35	11.21
47.37	11.24
47.39	11.29
47.42	11.25
47.44	11.27
47.47	11.32
47.49	11.32
47.52	11.32
47.54	11.37
47.57	11.39
47.59	11.36
47.61	11.41
47.64	11.45
47.66	11.42
47.69	11.45
47.71	11.50
47.74	11.49
47.76	11.49
47.78	11.54
47.81	11.55
47.83	11.53
47.86	11.58
47.88	11.61
47.91	11.58
47.93	11.61
47.96	11.65
47.98	11.59
48.00	11.59
48.03	11.65
48.05	11.63
48.08	11.64
48.10	11.68
48.13	11.70
48.15	11.66
48.18	11.69
48.20	11.72
48.22	11.68
48.25	11.69
48.27	11.73
48.30	11.69
48.32	11.68
48.35	11.72
48.37	11.71
48.40	11.67
48.42	11.70
48.44	11.71
48.47	11.66
48.49	11.67
48.52	11.68
48.54	11.62
48.57	11.66
48.59	11.68
48.62	11.61
48.64	11.65
48.66	11.69
48.69	11.63
48.71	11.59
48.74	11.64
48.76	11.61
48.79	11.55
48.81	11.59
48.84	11.58
48.86	11.51
48.88	11.52
48.91	11.55
48.93	11.47
48.96	11.46
48.98	11.49
49.01	11.44
49.03	11.38
49.05	11.43
49.08	11.40
49.10	11.33
49.13	11.35
49.15	11.36
49.18	11.27
49.20	11.29
49.23	11.26
49.25	11.20
49.27	11.20
49.30	11.20
49.32	11.14
49.35	11.12
49.37	11.13
49.40	11.08
49.42	11.04
49.45	11.05
49.47	11.01
49.49	10.95
49.52	10.96
49.54	10.94
49.57	10.87
49.59	10.86
49.62	10.86
49.64	10.79
49.67	10.75
49.69	10.76
49.71	10.71
49.74	10.65
49.76	10.66
49.79	10.62
49.81	10.55
49.84	10.54
49.86	10.53
49.89	10.46
49.91	10.43
49.93	10.43
49.96	10.36
49.98	10.31
50.01	10.32
50.03	10.27
50.06	10.20
50.08	10.19
50.10	10.16
50.13	10.09
50.15	10.07
50.18	10.06
50.20	9.98
50.23	9.94
50.25	9.95
50.28	9.88
50.30	9.82
50.32	9.82
50.35	9.78
50.37	9.71
50.40	9.69
50.42	9.67
50.45	9.59
50.47	9.56
50.50	9.56
50.52	9.48
50.54	9.43
50.57	9.43
50.59	9.38
50.62	9.30
50.64	9.29
50.67	9.26
50.69	9.18
50.72	9.15
50.74	9.14
50.76	9.06
50.79	9.01
50.81	9.01
50.84	8.94
50.86	8.88
50.89	8.87
50.91	8.82
50.94	8.73
50.96	8.72
50.98	8.69
51.01	8.60
51.03	8.61
51.06	8.58
51.08	8.47
51.11	8.45
51.13	8.45
51.15	8.34
51.18	8.30
51.20	8.31
51.23	8.23
51.25	8.15
51.28	8.17
51.30	8.12
51.33	8.02
51.35	8.03
51.37	8.01
51.40	7.90
51.42	7.87
51.45	7.88
51.47	7.78
51.50	7.73
51.52	7.75
51.55	7.68
51.57	7.59
51.59	7.61
51.62	7.57
51.64	7.48
51.67	7.47
51.69	7.42
51.72	7.34
51.74	7.33
51.77	7.30
51.79	7.21
51.81	7.20
51.84	7.18
51.86	7.11
51.89	7.06
51.91	7.06
51.94	6.99
51.96	6.93
51.99	6.92
52.01	6.87
52.03	6.79
52.06	6.78
52.08	6.75
52.11	6.67
52.13	6.64
52.16	6.63
52.18	6.56
52.20	6.50
52.23	6.50
52.25	6.45
52.28	6.38
52.30	6.36
52.33	6.33
52.35	6.24
52.38	6.22
52.40	6.21
52.42	6.13
52.45	6.08
52.47	6.08
52.50	6.01
52.52	5.95
52.55	5.94
52.57	5.90
52.60	5.81
52.62	5.80
52.64	5.78
52.67	5.71
52.69	5.67
52.72	5.67
52.74	5.59
52.77	5.54
52.79	5.54
52.82	5.48
52.84	5.41
52.86	5.40
52.89	5.36
52.91	5.28
52.94	5.26
52.96	5.25
52.99	5.17
53.01	5.13
53.04	5.13
53.06	5.06
53.08	5.00
53.11	5.00
53.13	4.95
53.16	4.88
53.18	4.86
53.21	4.84
53.23	4.76
53.26	4.73
53.28	4.72
53.30	4.65
53.33	4.59
53.35	4.60
53.38	4.54
53.40	4.47
53.43	4.50
53.45	4.41
53.47	4.34
53.50	4.37
53.52	4.32
53.55	4.23
53.57	4.24
53.60	4.23
53.62	4.12
53.65	4.10
53.67	4.11
53.69	4.02
53.72	3.97
53.74	3.99
53.77	3.93
53.79	3.85
53.82	3.87
53.84	3.84
53.87	3.74
53.89	3.74
53.91	3.75
53.94	3.65
53.96	3.62
53.99	3.64
54.01	3.55
54.04	3.48
54.06	3.52
54.09	3.44
54.11	3.40
54.13	3.41
54.16	3.35
54.18	3.29
54.21	3.29
54.23	3.25
54.26	3.17
54.28	3.17
54.31	3.15
54.33	3.08
54.35	3.05
54.38	3.05
54.40	2.99
54.43	2.94
54.45	2.95
54.48	2.90
54.50	2.84
54.52	2.84
54.55	2.81
54.57	2.74
54.60	2.72
54.62	2.72
54.65	2.65
54.67	2.61
54.70	2.62
54.72	2.56
54.74	2.51
54.77	2.51
54.79	2.48
54.82	2.40
54.84	2.40
54.87	2.40
54.89	2.33
54.92	2.30
54.94	2.31
54.96	2.25
54.99	2.21
55.01	2.22
55.04	2.17
55.06	2.12
55.09	2.12
55.11	2.10
55.14	2.03
55.16	2.01
55.18	2.01
55.21	1.94
55.23	1.91
55.26	1.92
55.28	1.87
55.31	1.82
55.33	1.83
55.36	1.80
55.38	1.74
55.40	1.73
55.43	1.73
55.45	1.66
55.48	1.64
55.50	1.65
55.53	1.59
55.55	1.55
55.57	1.57
55.60	1.53
55.62	1.47
55.65	1.48
55.67	1.47
55.70	1.41
55.72	1.40
55.75	1.40
55.77	1.35
55.79	1.33
55.82	1.35
55.84	1.31
55.87	1.28
55.89	1.32
55.92	1.24
55.94	1.22
55.97	1.27
55.99	1.22
56.01	1.16
56.04	1.20
56.06	1.19
56.09	1.13
56.11	1.16
56.14	1.19
56.16	1.12
56.19	1.13
56.21	1.18
56.23	1.15
56.26	1.12
56.28	1.19
56.31	1.18
56.33	1.13
56.36	1.18
56.38	1.21
56.41	1.16
56.43	1.19
56.45	1.26
56.48	1.21
56.50	1.22
56.53	1.29
56.55	1.26
56.58	1.30
56.60	1.35
56.62	1.34
56.65	1.35
56.67	1.42
56.70	1.45
56.72	1.44
56.75	1.50
56.77	1.54
56.80	1.53
56.82	1.58
56.84	1.63
56.87	1.63
56.89	1.65
56.92	1.72
56.94	1.73
56.97	1.74
56.99	1.81
57.02	1.85
57.04	1.85
57.06	1.91
57.09	1.97
57.11	1.96
57.14	2.00
57.16	2.07
57.19	2.07
57.21	2.09
57.24	2.17
57.26	2.19
57.28	2.19
57.31	2.26
57.33	2.28
57.36	2.27
57.38	2.33
57.41	2.39
57.43	2.38
57.46	2.41
57.48	2.49
57.50	2.49
57.53	2.50
57.55	2.57
57.58	2.60
57.60	2.59
57.63	2.65
57.65	2.70
57.68	2.69
57.70	2.73
57.72	2.80
57.75	2.79
57.77	2.81
57.80	2.89
57.82	2.90
57.85	2.90
57.87	2.97
57.89	3.01
57.92	3.00
57.94	3.05
57.97	3.12
57.99	3.13
58.02	3.17
58.04	3.24
58.07	3.26
58.09	3.27
58.11	3.35
58.14	3.38
58.16	3.38
58.19	3.47
58.21	3.53
58.24	3.53
58.26	3.59
58.29	3.67
58.31	3.66
58.33	3.74
58.36	3.84
58.38	3.81
58.41	3.88
58.43	3.99
58.46	4.00
58.48	4.02
58.51	4.15
58.53	4.19
58.55	4.19
58.58	4.30
58.60	4.38
58.63	4.37
58.65	4.45
58.68	4.56
58.70	4.56
58.73	4.61
58.75	4.74
58.77	4.76
58.80	4.77
58.82	4.90
58.85	4.96
58.87	4.96
58.90	5.06
58.92	5.16
58.94	5.15
58.97	5.25
58.99	5.32
59.02	5.34
59.04	5.42
59.07	5.51
59.09	5.54
59.12	5.60
59.14	5.70
59.16	5.73
59.19	5.77
59.21	5.87
59.24	5.93
59.26	5.96
59.29	6.06
59.31	6.14
59.34	6.16
59.36	6.23
59.38	6.34
59.41	6.36
59.43	6.43
59.46	6.53
59.48	6.57
59.51	6.61
59.53	6.70
59.56	6.77
59.58	6.79
59.60	6.87
59.63	6.96
59.65	6.99
59.68	7.06
59.70	7.16
59.73	7.19
59.75	7.23
59.78	7.33
59.80	7.40
59.82	7.42
59.85	7.52
59.87	7.60
59.90	7.63
59.92	7.70
59.95	7.80
59.97	7.83
59.99	7.88
60.02	8.00
60.04	8.03
60.07	8.07
60.09	8.18
60.12	8.25
60.14	8.28
60.17	8.38
60.19	8.47
60.21	8.50
60.24	8.57
60.26	8.68
60.29	8.72
60.31	8.76
60.34	8.87
60.36	8.94
60.39	8.96
60.41	9.07
60.43	9.16
60.46	9.19
60.48	9.27
60.51	9.37
60.53	9.41
60.56	9.47
60.58	9.59
60.61	9.64
60.63	9.66
60.65	9.77
60.68	9.85
60.70	9.88
60.73	9.97
60.75	10.06
60.78	10.08
60.80	10.21
60.83	10.30
60.85	10.31
60.87	10.40
60.90	10.53
60.92	10.54
60.95	10.61
60.97	10.74
61.00	10.79
61.02	10.82
61.05	10.96
61.07	11.03
61.09	11.05
61.12	11.17
61.14	11.28
61.17	11.28
61.19	11.37
61.22	11.50
61.24	11.52
61.26	11.57
61.29	11.74
61.31	11.80
61.34	11.81
61.36	11.94
61.39	12.04
61.41	12.06
61.44	12.18
61.46	12.24
61.48	12.27
61.51	12.38
61.53	12.47
61.56	12.51
61.58	12.60
61.61	12.70
61.63	12.75
61.66	12.81
61.68	12.93
61.70	12.98
61.73	13.03
61.75	13.14
61.78	13.22
61.80	13.26
61.83	13.36
61.85	13.46
61.88	13.50
61.90	13.58
61.92	13.70
61.95	13.75
61.97	13.80
62.00	13.92
62.02	13.99
62.05	14.04
62.07	14.15
62.10	14.24
62.12	14.28
62.14	14.37
62.17	14.47
62.19	14.51
62.22	14.58
62.24	14.71
62.27	14.78
62.29	14.83
62.31	14.94
62.34	15.03
62.36	15.06
62.39	15.16
62.41	15.27
62.44	15.31
62.46	15.39
62.49	15.51
62.51	15.57
62.53	15.64
62.56	15.76
62.58	15.83
62.61	15.88
62.63	15.99
62.66	16.08
62.68	16.12
62.71	16.22
62.73	16.33
62.75	16.38
62.78	16.45
62.80	16.58
62.83	16.66
62.85	16.71
62.88	16.83
62.90	16.92
62.93	16.96
62.95	17.06
62.97	17.17
63.00	17.22
63.02	17.31
63.05	17.43
63.07	17.49
63.10	17.55
63.12	17.67
63.15	17.75
63.17	17.79
63.19	17.93
63.22	17.98
63.24	18.02
63.27	18.16
63.29	18.24
63.32	18.27
63.34	18.40
63.36	18.52
63.39	18.53
63.41	18.64
63.44	18.77
63.46	18.81
63.49	18.87
63.51	19.01
63.54	19.08
63.56	19.11
63.58	19.25
63.61	19.35
63.63	19.38
63.66	19.49
63.68	19.63
63.71	19.66
63.73	19.74
63.76	19.88
63.78	19.93
63.80	19.97
63.83	20.12
63.85	20.18
63.88	20.25
63.90	20.38
63.93	20.45
63.95	20.51
63.98	20.64
64.00	20.73
64.02	20.77
64.05	20.88
64.07	20.98
64.10	21.03
64.12	21.12
64.15	21.25
64.17	21.31
64.20	21.37
64.22	21.50
64.24	21.58
64.27	21.63
64.29	21.75
64.32	21.84
64.34	21.89
64.37	21.97
64.39	22.09
64.41	22.15
64.44	22.23
64.46	22.35
64.49	22.42
64.51	22.48
64.54	22.60
64.56	22.69
64.59	22.73
64.61	22.83
64.63	22.93
64.66	22.98
64.68	23.06
64.71	23.18
64.73	23.24
64.76	23.29
64.78	23.41
64.81	23.48
64.83	23.52
64.85	23.63
64.88	23.71
64.90	23.74
64.93	23.83
64.95	23.94
64.98	23.98
65.00	24.04
65.03	24.14
65.05	24.19
65.07	24.23
65.10	24.33
65.12	24.42
65.15	24.43
65.17	24.52
65.20	24.61
65.22	24.63
65.25	24.70
65.27	24.80
65.29	24.84
65.32	24.88
65.34	24.97
65.37	25.03
65.39	25.06
65.42	25.15
65.44	25.22
65.47	25.23
65.49	25.30
65.51	25.38
65.54	25.41
65.56	25.45
65.59	25.54
65.61	25.58
65.64	25.61
65.66	25.72
65.68	25.74
65.71	25.76
65.73	25.88
65.76	25.91
65.78	25.90
65.81	26.01
65.83	26.07
65.86	26.06
65.88	26.13
65.90	26.23
65.93	26.22
65.95	26.27
65.98	26.38
66.00	26.39
66.03	26.40
66.05	26.50
66.08	26.54
66.10	26.53
66.12	26.62
66.15	26.70
66.17	26.68
66.20	26.74
66.22	26.84
66.25	26.84
66.27	26.85
66.30	26.93
66.32	26.93
66.34	26.98
66.37	27.05
66.39	27.07
66.42	27.08
66.44	27.17
66.47	27.20
66.49	27.20
66.52	27.27
66.54	27.31
66.56	27.31
66.59	27.34
66.61	27.40
66.64	27.40
66.66	27.42
66.69	27.49
66.71	27.50
66.73	27.50
66.76	27.57
66.78	27.59
66.81	27.58
66.83	27.63
66.86	27.68
66.88	27.67
66.91	27.69
66.93	27.75
66.95	27.77
66.98	27.76
67.00	27.82
67.03	27.84
67.05	27.82
67.08	27.87
67.10	27.89
67.13	27.86
67.15	27.89
67.17	27.94
67.20	27.92
67.22	27.92
67.25	27.98
67.27	27.98
67.30	27.96
67.32	28.01
67.35	28.03
67.37	28.00
67.39	28.03
67.42	28.06
67.44	28.03
67.47	28.04
67.49	28.09
67.52	28.07
67.54	28.06
67.57	28.09
67.59	28.09
67.61	28.06
67.64	28.09
67.66	28.11
67.69	28.08
67.71	28.10
67.74	28.13
67.76	28.10
67.78	28.09
67.81	28.14
67.83	28.12
67.86	28.09
67.88	28.13
67.91	28.13
67.93	28.09
67.96	28.11
67.98	28.14
68.00	28.10
68.03	28.10
68.05	28.14
68.08	28.09
68.10	28.10
68.13	28.15
68.15	28.09
68.18	28.08
68.20	28.13
68.22	28.11
68.25	28.06
68.27	28.11
68.30	28.11
68.32	28.04
68.35	28.06
68.37	28.09
68.40	28.01
68.42	28.02
68.44	28.07
68.47	28.02
68.49	27.98
68.52	28.04
68.54	28.00
68.57	27.94
68.59	27.98
68.62	27.99
68.64	27.91
68.66	27.91
68.69	27.95
68.71	27.87
68.74	27.87
68.76	27.87
68.79	27.81
68.81	27.80
68.83	27.81
68.86	27.76
68.88	27.72
68.91	27.74
68.93	27.72
68.96	27.67
68.98	27.69
69.01	27.67
69.03	27.62
69.05	27.62
69.08	27.62
69.10	27.56
69.13	27.53
69.15	27.54
69.18	27.49
69.20	27.45
69.23	27.46
69.25	27.45
69.27	27.39
69.30	27.40
69.32	27.38
69.35	27.31
69.37	27.30
69.40	27.30
69.42	27.24
69.45	27.21
69.47	27.22
69.49	27.17
69.52	27.11
69.54	27.11
69.57	27.09
69.59	27.02
69.62	27.00
69.64	27.00
69.67	26.93
69.69	26.88
69.71	26.89
69.74	26.84
69.76	26.78
69.79	26.79
69.81	26.75
69.84	26.67
69.86	26.66
69.89	26.64
69.91	26.56
69.93	26.53
69.96	26.52
69.98	26.45
70.01	26.40
70.03	26.40
70.06	26.35
70.08	26.29
70.10	26.28
70.13	26.24
70.15	26.17
70.18	26.15
70.20	26.13
70.23	26.05
70.25	26.00
70.28	26.01
70.30	25.94
70.32	25.87
70.35	25.87
70.37	25.82
70.40	25.74
70.42	25.72
70.45	25.69
70.47	25.61
70.50	25.57
70.52	25.56
70.54	25.46
70.57	25.46
70.59	25.45
70.62	25.33
70.64	25.29
70.67	25.30
70.69	25.21
70.72	25.13
70.74	25.15
70.76	25.08
70.79	24.98
70.81	24.98
70.84	24.95
70.86	24.84
70.89	24.82
70.91	24.82
70.94	24.71
70.96	24.64
70.98	24.66
71.01	24.58
71.03	24.48
71.06	24.50
71.08	24.45
71.11	24.33
71.13	24.32
71.15	24.32
71.18	24.21
71.20	24.18
71.23	24.14
71.25	24.07
71.28	24.04
71.30	24.02
71.33	23.93
71.35	23.87
71.37	23.86
71.40	23.78
71.42	23.70
71.45	23.69
71.47	23.63
71.50	23.54
71.52	23.51
71.55	23.47
71.57	23.37
71.59	23.32
71.62	23.30
71.64	23.21
71.67	23.15
71.69	23.14
71.72	23.06
71.74	22.97
71.77	22.95
71.79	22.90
71.81	22.79
71.84	22.75
71.86	22.73
71.89	22.63
71.91	22.54
71.94	22.52
71.96	22.44
71.99	22.36
72.01	22.34
72.03	22.27
72.06	22.18
72.08	22.15
72.11	22.11
72.13	22.01
72.16	21.95
72.18	21.94
72.20	21.85
72.23	21.77
72.25	21.76
72.28	21.70
72.30	21.61
72.33	21.58
72.35	21.53
72.38	21.44
72.40	21.40
72.42	21.38
72.45	21.29
72.47	21.24
72.50	21.22
72.52	21.15
72.55	21.07
72.57	21.07
72.60	21.03
72.62	20.94
72.64	20.94
72.67	20.91
72.69	20.84
72.72	20.81
72.74	20.80
72.77	20.74
72.79	20.70
72.82	20.72
72.84	20.68
72.86	20.61
72.89	20.63
72.91	20.61
72.94	20.56
72.96	20.60
72.99	20.58
73.01	20.51
73.04	20.57
73.06	20.59
73.08	20.53
73.11	20.56
73.13	20.62
73.16	20.56
73.18	20.56
73.21	20.64
73.23	20.62
73.25	20.60
73.28	20.69
73.30	20.71
73.33	20.67
73.35	20.73
73.38	20.81
73.40	20.78
73.43	20.82
73.45	20.91
73.47	20.90
73.50	20.90
73.52	21.01
73.55	21.04
73.57	21.02
73.60	21.11
73.62	21.14
73.65	21.16
73.67	21.24
73.69	21.27
73.72	21.27
73.74	21.34
73.77	21.41
73.79	21.41
73.82	21.46
73.84	21.54
73.87	21.54
73.89	21.57
73.91	21.66
73.94	21.68
73.96	21.69
73.99	21.76
74.01	21.81
74.04	21.80
74.06	21.86
74.09	21.93
74.11	21.93
74.13	21.96
74.16	22.05
74.18	22.06
74.21	22.07
74.23	22.15
74.26	22.19
74.28	22.19
74.31	22.25
74.33	22.31
74.35	22.31
74.38	22.36
74.40	22.44
74.43	22.44
74.45	22.45
74.48	22.55
74.50	22.59
74.52	22.60
74.55	22.68
74.57	22.74
74.60	22.75
74.62	22.82
74.65	22.91
74.67	22.93
74.70	22.99
74.72	23.11
74.74	23.16
74.77	23.20
74.79	23.32
74.82	23.39
74.84	23.43
74.87	23.55
74.89	23.66
74.92	23.71
74.94	23.81
74.96	23.95
74.99	24.02
75.01	24.12
75.04	24.28
75.06	24.39
75.09	24.47
75.11	24.64
75.14	24.77
75.16	24.85
75.18	25.01
75.21	25.18
75.23	25.27
75.26	25.41
75.28	25.60
75.31	25.72
75.33	25.85
75.36	26.04
75.38	26.19
75.40	26.29
75.43	26.51
75.45	26.65
75.48	26.76
75.50	27.00
75.53	27.15
75.55	27.24
75.57	27.45
75.60	27.67
75.62	27.76
75.65	27.93
75.67	28.16
75.70	28.27
75.72	28.39
75.75	28.63
75.77	28.78
75.79	28.89
75.82	29.12
75.84	29.31
75.87	29.41
75.89	29.60
75.92	29.83
75.94	29.94
75.97	30.10
75.99	30.33
76.01	30.47
76.04	30.58
76.06	30.82
76.09	30.95
76.11	31.10
76.14	31.32
76.16	31.48
76.19	31.62
76.21	31.83
76.23	32.01
76.26	32.13
76.28	32.34
76.31	32.55
76.33	32.69
76.36	32.86
76.38	33.09
76.41	33.25
76.43	33.42
76.45	33.66
76.48	33.85
76.50	34.00
76.53	34.22
76.55	34.43
76.58	34.57
76.60	34.78
76.62	35.02
76.65	35.19
76.67	35.38
76.70	35.64
76.72	35.84
76.75	36.02
76.77	36.28
76.80	36.51
76.82	36.67
76.84	36.91
76.87	37.15
76.89	37.34
76.92	37.57
76.94	37.85
76.97	38.06
76.99	38.27
77.02	38.57
77.04	38.82
77.06	39.01
77.09	39.28
77.11	39.54
77.14	39.73
77.16	39.98
77.19	40.27
77.21	40.49
77.24	40.74
77.26	41.05
77.28	41.30
77.31	41.52
77.33	41.83
77.36	42.11
77.38	42.32
77.41	42.62
77.43	42.92
77.46	43.15
77.48	43.42
77.50	43.75
77.53	44.02
77.55	44.27
77.58	44.60
77.60	44.89
77.63	45.11
77.65	45.42
77.68	45.70
77.70	45.93
77.72	46.24
77.75	46.52
77.77	46.74
77.80	47.02
77.82	47.30
77.85	47.50
77.87	47.73
77.89	47.97
77.92	48.14
77.94	48.31
77.97	48.53
77.99	48.69
78.02	48.82
78.04	49.00
78.07	49.15
78.09	49.24
78.11	49.36
78.14	49.50
78.16	49.57
78.19	49.65
78.21	49.76
78.24	49.80
78.26	49.81
78.29	49.89
78.31	49.93
78.33	49.93
78.36	49.96
78.38	49.99
78.41	49.99
78.43	49.98
78.46	49.99
78.48	49.99
78.51	49.99
78.53	49.99
78.55	49.99
78.58	49.99
78.60	49.99
78.63	49.99
78.65	49.99
78.68	49.99
78.70	49.99
78.73	49.99
78.75	49.99
78.77	49.99
78.80	49.99
78.82	49.99
78.85	49.99
78.87	49.99
78.90	49.99
78.92	49.99
78.94	49.99
78.97	49.99
78.99	49.99
79.02	49.99
79.04	49.99
79.07	49.99
79.09	49.99
79.12	49.99
79.14	49.99
79.16	49.99
79.19	49.99
79.21	49.99
79.24	49.99
79.26	49.99
79.29	49.99
79.31	49.99
79.34	49.99
79.36	49.99
79.38	49.99
79.41	49.99
79.43	49.99
79.46	49.99
79.48	49.99
79.51	49.99
79.53	49.99
79.56	49.99
79.58	49.99
79.60	49.99
79.63	49.99
79.65	49.99
79.68	49.99
79.70	49.99
79.73	49.99
79.75	49.99
79.78	49.99
79.80	49.99
79.82	49.99
79.85	49.99
79.87	49.99
79.90	49.99
79.92	49.99
79.95	49.99
79.97	49.99
79.99	49.99
80.02	49.99
80.04	49.99
80.07	49.99
80.09	49.99
80.12	49.99
80.14	49.99
80.17	49.99
80.19	49.99
80.21	49.99
80.24	49.99
80.26	49.99
80.29	49.99
80.31	49.99
80.34	49.99
80.36	49.99
80.39	49.99
80.41	49.99
80.43	49.99
80.46	49.99
80.48	49.99
80.51	49.99
80.53	49.99
80.56	49.99
80.58	49.99
80.61	49.99
80.63	49.99
80.65	49.99
80.68	49.99
80.70	49.99
80.73	49.99
80.75	49.99
80.78	49.99
80.80	49.99
80.83	49.99
80.85	49.99
80.87	49.99
80.90	49.99
80.92	49.99
80.95	49.99
80.97	49.99
81.00	49.99
81.02	49.99
81.04	49.99
81.07	49.99
81.09	49.99
81.12	49.99
81.14	49.99
81.17	49.99
81.19	49.99
81.22	49.99
81.24	49.99
81.26	49.99
81.29	49.99
81.31	49.99
81.34	49.99
81.36	49.99
81.39	49.99
81.41	49.99
81.44	49.99
81.46	49.99
81.48	49.99
81.51	49.99
81.53	49.99
81.56	49.99
81.58	49.99
81.61	49.99
81.63	49.99
81.66	49.99
81.68	49.99
81.70	49.99
81.73	49.99
81.75	49.99
81.78	49.99
81.80	49.99
81.83	49.99
81.85	49.99
81.88	49.99
81.90	49.99
81.92	49.99
81.95	49.99
81.97	49.99
82.00	49.99
82.02	49.99
82.05	49.99
82.07	49.99
82.10	49.99
82.12	49.99
82.14	49.99
82.17	49.99
82.19	49.99
82.22	49.99
82.24	49.99
82.27	49.99
82.29	49.99
82.31	49.99
82.34	49.99
82.36	49.99
82.39	49.99
82.41	49.99
82.44	49.99
82.46	49.99
82.49	49.99
82.51	49.99
82.53	49.99
82.56	49.99
82.58	49.99
82.61	49.99
82.63	49.99
82.66	49.99
82.68	49.99
82.71	49.99
82.73	49.99
82.75	49.99
82.78	49.99
82.80	49.99
82.83	49.99
82.85	49.99
82.88	49.99
82.90	49.99
82.93	49.99
82.95	49.99
82.97	49.99
83.00	49.99
83.02	49.99
83.05	49.99
83.07	49.99
83.10	49.99
83.12	49.99
83.15	49.99
83.17	49.99
83.19	49.99
83.22	49.99
83.24	49.99
83.27	49.99
83.29	49.99
83.32	49.99
83.34	49.99
83.36	49.99
83.39	49.99
83.41	49.99
83.44	49.99
83.46	49.99
83.49	49.99
83.51	49.99
83.54	49.99
83.56	49.99
83.58	49.99
83.61	49.99
83.63	49.99
83.66	49.99
83.68	49.99
83.71	49.99
83.73	49.99
83.76	49.99
83.78	49.99
83.80	49.99
83.83	49.99
83.85	49.99
83.88	49.99
83.90	49.99
83.93	49.99
83.95	49.99
83.98	49.99
84.00	49.99
84.02	49.99
84.05	49.99
84.07	49.99
84.10	49.99
84.12	49.99
84.15	49.99
84.17	49.99
84.20	49.99
84.22	49.99
84.24	49.99
84.27	49.99
84.29	49.99
84.32	49.99
84.34	49.99
84.37	49.99
84.39	49.99
84.41	49.99
84.44	49.99
84.46	49.99
84.49	49.99
84.51	49.99
84.54	49.99
84.56	49.99
84.59	49.99
84.61	49.99
84.63	49.99
84.66	49.99
84.68	49.99
84.71	49.99
84.73	49.99
84.76	49.99
84.78	49.99
84.81	49.99
84.83	49.99
84.85	49.99
84.88	49.99
84.90	49.99
84.93	49.99
84.95	49.99
84.98	49.99
85.00	49.99
85.03	49.99
85.05	49.99
85.07	49.99
85.10	49.99
85.12	49.99
85.15	49.99
85.17	49.99
85.20	49.99
85.22	49.99
85.25	49.99
85.27	49.99
85.29	49.99
85.32	49.99
85.34	49.99
85.37	49.99
85.39	49.99
85.42	49.99
85.44	49.99
85.47	49.99
85.49	49.99
85.51	49.99
85.54	49.99
85.56	49.99
85.59	49.99
85.61	49.99
85.64	49.99
85.66	49.99
85.68	49.99
85.71	49.99
85.73	49.99
85.76	49.99
85.78	49.99
85.81	49.99
85.83	49.99
85.86	49.99
85.88	49.99
85.90	49.99
85.93	49.99
85.95	49.99
85.98	49.99
86.00	49.99
86.03	49.99
86.05	49.99
86.08	49.99
86.10	49.99
86.12	49.99
86.15	49.99
86.17	49.99
86.20	49.99
86.22	49.99
86.25	49.99
86.27	49.99
86.30	49.99
86.32	49.99
86.34	49.99
86.37	49.99
86.39	49.99
86.42	49.99
86.44	49.99
86.47	49.99
86.49	49.99
86.52	49.99
86.54	49.99
86.56	49.99
86.59	49.99
86.61	49.99
86.64	49.99
86.66	49.99
86.69	49.99
86.71	49.99
86.73	49.99
86.76	49.99
86.78	49.99
86.81	49.99
86.83	49.99
86.86	49.99
86.88	49.99
86.91	49.99
86.93	49.99
86.95	49.99
86.98	49.99
87.00	49.99
87.03	49.99
87.05	49.99
87.08	49.99
87.10	49.99
87.13	49.99
87.15	49.99
87.17	49.99
87.20	49.99
87.22	49.99
87.25	49.99
87.27	49.99
87.30	49.99
87.32	49.99
87.35	49.99
87.37	49.99
87.39	49.99
87.42	49.99
87.44	49.99
87.47	49.99
87.49	49.99
87.52	49.99
87.54	49.99
87.57	49.99
87.59	49.99
87.61	49.99
87.64	49.99
87.66	49.99
87.69	49.99
87.71	49.99
87.74	49.99
87.76	49.99
87.78	49.99
87.81	49.99
87.83	49.99
87.86	49.99
87.88	49.99
87.91	49.99
87.93	49.99
87.96	49.99
87.98	49.99
88.00	49.99
88.03	49.99
88.05	49.99
88.08	49.99
88.10	49.99
88.13	49.99
88.15	49.99
88.18	49.99
88.20	49.99
88.22	49.99
88.25	49.99
88.27	49.99
88.30	49.99
88.32	49.99
88.35	49.99
88.37	49.99
88.40	49.99
88.42	49.99
88.44	49.99
88.47	49.99
88.49	49.99
88.52	49.99
88.54	49.99
88.57	49.99
88.59	49.99
88.62	49.99
88.64	49.99
88.66	49.99
88.69	49.99
88.71	49.99
88.74	49.99
88.76	49.99
88.79	49.99
88.81	49.99
88.83	49.99
88.86	49.99
88.88	49.99
88.91	49.99
88.93	49.99
88.96	49.99
88.98	49.99
89.01	49.99
89.03	49.99
89.05	49.99
89.08	49.99
89.10	49.99
89.13	49.99
89.15	49.99
89.18	49.99
89.20	49.99
89.23	49.99
89.25	49.99
89.27	49.99
89.30	49.99
89.32	49.99
89.35	49.99
89.37	49.99
89.40	49.99
89.42	49.99
89.45	49.99
89.47	49.99
89.49	49.99
89.52	49.99
89.54	49.99
89.57	49.99
89.59	49.99
89.62	49.99
89.64	49.99
89.67	49.99
89.69	49.99
89.71	49.99
89.74	49.99
89.76	49.99
89.79	49.99
89.81	49.99
89.84	49.99
89.86	49.99
89.89	49.99
89.91	49.99
89.93	49.99
89.96	49.99
89.98	49.99
90.01	49.99
90.03	49.99
90.06	49.99
90.08	49.99
90.10	49.99
90.13	49.99
90.15	49.99
90.18	49.99
90.20	49.99
90.23	49.99
90.25	49.99
90.28	49.99
90.30	49.99
90.32	49.99
90.35	49.99
90.37	49.99
90.40	49.99
90.42	49.99
90.45	49.99
90.47	49.99
90.50	49.99
90.52	49.99
90.54	49.99
90.57	49.99
90.59	49.99
90.62	49.99
90.64	49.99
90.67	49.99
90.69	49.99
90.72	49.99
90.74	49.99
90.76	49.99
90.79	49.99
90.81	49.99
90.84	49.99
90.86	49.99
90.89	49.99
90.91	49.99
90.94	49.99
90.96	49.99
90.98	49.99
91.01	49.99
91.03	49.99
91.06	49.99
91.08	49.99
91.11	49.99
91.13	49.99
91.15	49.99
91.18	49.99
91.20	49.99
91.23	49.99
91.25	49.99
91.28	49.99
91.30	49.99
91.33	49.99
91.35	49.99
91.37	49.99
91.40	49.99
91.42	49.99
91.45	49.99
91.47	49.99
91.50	49.99
91.52	49.99
91.55	49.99
91.57	49.99
91.59	49.99
91.62	49.99
91.64	49.99
91.67	49.99
91.69	49.99
91.72	49.99
91.74	49.99
91.77	49.99
91.79	49.99
91.81	49.99
91.84	49.99
91.86	49.99
91.89	49.99
91.91	49.99
91.94	49.99
91.96	49.99
91.99	49.99
92.01	49.99
92.03	49.99
92.06	49.99
92.08	49.99
92.11	49.99
92.13	49.99
92.16	49.99
92.18	49.99
92.20	49.99
92.23	49.99
92.25	49.99
92.28	49.99
92.30	49.99
92.33	49.99
92.35	49.99
92.38	49.99
92.40	49.99
92.42	49.99
92.45	49.99
92.47	49.99
92.50	49.99
92.52	49.99
92.55	49.99
92.57	49.99
92.60	49.99
92.62	49.99
92.64	49.99
92.67	49.99
92.69	49.99
92.72	49.99
92.74	49.99
92.77	49.99
92.79	49.99
92.82	49.99
92.84	49.99
92.86	49.99
92.89	49.99
92.91	49.99
92.94	49.99
92.96	49.99
92.99	49.99
93.01	49.99
93.04	49.99
93.06	49.99
93.08	49.99
93.11	49.99
93.13	49.99
93.16	49.99
93.18	49.99
93.21	49.99
93.23	49.99
93.25	49.99
93.28	49.99
93.30	49.99
93.33	49.99
93.35	49.99
93.38	49.99
93.40	49.99
93.43	49.99
93.45	49.99
93.47	49.99
93.50	49.99
93.52	49.99
93.55	49.99
93.57	49.99
93.60	49.99
93.62	49.99
93.65	49.99
93.67	49.99
93.69	49.99
93.72	49.99
93.74	49.99
93.77	49.99
93.79	49.99
93.82	49.99
93.84	49.99
93.87	49.99
93.89	49.99
93.91	49.99
93.94	49.99
93.96	49.99
93.99	49.99
94.01	49.99
94.04	49.99
94.06	49.99
94.09	49.99
94.11	49.99
94.13	49.99
94.16	49.99
94.18	49.99
94.21	49.99
94.23	49.99
94.26	49.99
94.28	49.99
94.31	49.99
94.33	49.99
94.35	49.99
94.38	49.99
94.40	49.99
94.43	49.99
94.45	49.99
94.48	49.99
94.50	49.99
94.52	49.99
94.55	49.99
94.57	49.99
94.60	49.99
94.62	49.99
94.65	49.99
94.67	49.99
94.70	49.99
94.72	49.99
94.74	49.99
94.77	49.99
94.79	49.99
94.82	49.99
94.84	49.99
94.87	49.99
94.89	49.99
94.92	49.99
94.94	49.99
94.96	49.99
94.99	49.99
95.01	49.99
95.04	49.99
95.06	49.99
95.09	49.99
95.11	49.99
95.14	49.99
95.16	49.99
95.18	49.99
95.21	49.99
95.23	49.99
95.26	49.99
95.28	49.99
95.31	49.99
95.33	49.99
95.36	49.99
95.38	49.99
95.40	49.99
95.43	49.99
95.45	49.99
95.48	49.99
95.50	49.99
95.53	49.99
95.55	49.99
95.57	49.99
95.60	49.99
95.62	49.99
95.65	49.99
95.67	49.99
95.70	49.99
95.72	49.99
95.75	49.99
95.77	49.99
95.79	49.99
95.82	49.99
95.84	49.99
95.87	49.99
95.89	49.99
95.92	49.99
95.94	49.99
95.97	49.99
95.99	49.99
96.01	49.99
96.04	49.99
96.06	49.99
96.09	49.99
96.11	49.99
96.14	49.99
96.16	49.99
96.19	49.99
96.21	49.99
96.23	49.99
96.26	49.99
96.28	49.99
96.31	49.99
96.33	49.99
96.36	49.99
96.38	49.99
96.41	49.99
96.43	49.99
96.45	49.99
96.48	49.99
96.50	49.99
96.53	49.99
96.55	49.99
96.58	49.99
96.60	49.99
96.62	49.99
96.65	49.99
96.67	49.99
96.70	49.99
96.72	49.99
96.75	49.99
96.77	49.99
96.80	49.99
96.82	49.99
96.84	49.99
96.87	49.99
96.89	49.99
96.92	49.99
96.94	49.99
96.97	49.99
96.99	49.99
97.02	49.99
97.04	49.99
97.06	49.99
97.09	49.99
97.11	49.99
97.14	49.99
97.16	49.99
97.19	49.99
97.21	49.99
97.24	49.99
97.26	49.99
97.28	49.99
97.31	49.99
97.33	49.99
97.36	49.99
97.38	49.99
97.41	49.99
97.43	49.99
97.46	49.99
97.48	49.99
97.50	49.99
97.53	49.99
97.55	49.99
97.58	49.99
97.60	49.99
97.63	49.99
97.65	49.99
97.68	49.99
97.70	49.99
97.72	49.99
97.75	49.99
97.77	49.99
97.80	49.99
97.82	49.99
97.85	49.99
97.87	49.99
97.89	49.99
97.92	49.99
97.94	49.99
97.97	49.99
97.99	49.99
98.02	49.99
98.04	49.99
98.07	49.99
98.09	49.99
98.11	49.99
98.14	49.99
98.16	49.99
98.19	49.99
98.21	49.99
98.24	49.99
98.26	49.99
98.29	49.99
98.31	49.99
98.33	49.99
98.36	49.99
98.38	49.99
98.41	49.99
98.43	49.99
98.46	49.99
98.48	49.99
98.51	49.99
98.53	49.99
98.55	49.99
98.58	49.99
98.60	49.99
98.63	49.99
98.65	49.99
98.68	49.99
98.70	49.99
98.73	49.99
98.75	49.99
98.77	49.99
98.80	49.99
98.82	49.99
98.85	49.99
98.87	49.99
98.90	49.99
98.92	49.99
98.94	49.99
98.97	49.99
98.99	49.99
