#U1/V	IA/nA
0.02	0.39
0.04	0.36
0.07	0.34
0.09	0.34
0.12	0.31
0.14	0.29
0.17	0.28
0.19	0.26
0.21	0.24
0.24	0.22
0.26	0.22
0.29	0.20
0.31	0.17
0.34	0.18
0.36	0.16
0.39	0.16
0.41	0.17
0.43	0.15
0.46	0.15
0.48	0.15
0.51	0.15
0.53	0.15
0.56	0.15
0.58	0.17
0.61	0.15
0.63	0.15
0.65	0.17
0.68	0.15
0.70	0.15
0.73	0.16
0.75	0.15
0.78	0.15
0.80	0.16
0.83	0.17
0.85	0.16
0.87	0.16
0.90	0.18
0.92	0.17
0.95	0.17
0.97	0.18
1.00	0.16
1.02	0.16
1.05	0.16
1.07	0.16
1.09	0.15
1.12	0.15
1.14	0.18
1.17	0.16
1.19	0.16
1.22	0.18
1.24	0.16
1.26	0.16
1.29	0.17
1.31	0.16
1.34	0.16
1.36	0.16
1.39	0.17
1.41	0.16
1.44	0.16
1.46	0.18
1.48	0.16
1.51	0.16
1.53	0.17
1.56	0.15
1.58	0.15
1.61	0.15
1.63	0.15
1.66	0.15
1.68	0.15
1.70	0.17
1.73	0.16
1.75	0.16
1.78	0.17
1.80	0.15
1.83	0.15
1.85	0.16
1.88	0.15
1.90	0.15
1.92	0.15
1.95	0.14
1.97	0.13
2.00	0.13
2.02	0.15
2.05	0.13
2.07	0.13
2.10	0.14
2.12	0.13
2.14	0.13
2.17	0.13
2.19	0.13
2.22	0.13
2.24	0.13
2.27	0.15
2.29	0.13
2.31	0.13
2.34	0.15
2.36	0.13
2.39	0.13
2.41	0.13
2.44	0.13
2.46	0.13
2.49	0.13
2.51	0.14
2.53	0.13
2.56	0.13
2.58	0.16
2.61	0.16
2.63	0.16
2.66	0.17
2.68	0.16
2.71	0.16
2.73	0.16
2.75	0.16
2.78	0.16
2.80	0.16
2.83	0.18
2.85	0.16
2.88	0.16
2.90	0.18
2.93	0.16
2.95	0.16
2.97	0.16
3.00	0.16
3.02	0.16
3.05	0.16
3.07	0.17
3.10	0.16
3.12	0.16
3.15	0.18
3.17	0.16
3.19	0.16
3.22	0.17
3.24	0.15
3.27	0.15
3.29	0.15
3.32	0.16
3.34	0.15
3.36	0.15
3.39	0.17
3.41	0.16
3.44	0.16
3.46	0.17
3.49	0.15
3.51	0.15
3.54	0.16
3.56	0.15
3.58	0.15
3.61	0.15
3.63	0.17
3.66	0.16
3.68	0.16
3.71	0.18
3.73	0.16
3.76	0.15
3.78	0.16
3.80	0.15
3.83	0.15
3.85	0.15
3.88	0.16
3.90	0.15
3.93	0.15
3.95	0.17
3.98	0.16
4.00	0.16
4.02	0.18
4.05	0.15
4.07	0.15
4.10	0.16
4.12	0.16
4.15	0.16
4.17	0.16
4.20	0.17
4.22	0.16
4.24	0.16
4.27	0.18
4.29	0.16
4.32	0.16
4.34	0.17
4.37	0.15
4.39	0.15
4.42	0.15
4.44	0.16
4.46	0.16
4.49	0.16
4.51	0.18
4.54	0.16
4.56	0.16
4.59	0.18
4.61	0.16
4.63	0.16
4.66	0.16
4.68	0.15
4.71	0.15
4.73	0.15
4.76	0.17
4.78	0.16
4.81	0.16
4.83	0.18
4.85	0.16
4.88	0.16
4.90	0.17
4.93	0.16
4.95	0.16
4.98	0.16
5.00	0.17
5.03	0.16
5.05	0.16
5.07	0.18
5.10	0.16
5.12	0.16
5.15	0.18
5.17	0.15
5.20	0.15
5.22	0.16
5.25	0.15
5.27	0.15
5.29	0.15
5.32	0.17
5.34	0.16
5.37	0.16
5.39	0.18
5.42	0.16
5.44	0.16
5.47	0.17
5.49	0.15
5.51	0.15
5.54	0.15
5.56	0.16
5.59	0.15
5.61	0.15
5.64	0.17
5.66	0.15
5.68	0.15
5.71	0.17
5.73	0.15
5.76	0.15
5.78	0.16
5.81	0.16
5.83	0.16
5.86	0.16
5.88	0.17
5.90	0.16
5.93	0.16
5.95	0.18
5.98	0.16
6.00	0.16
6.03	0.17
6.05	0.16
6.08	0.16
6.10	0.16
6.12	0.17
6.15	0.16
6.17	0.16
6.20	0.18
6.22	0.16
6.25	0.16
6.27	0.18
6.30	0.16
6.32	0.16
6.34	0.16
6.37	0.15
6.39	0.16
6.42	0.16
6.44	0.17
6.47	0.16
6.49	0.16
6.52	0.18
6.54	0.16
6.56	0.16
6.59	0.17
6.61	0.16
6.64	0.16
6.66	0.16
6.69	0.16
6.71	0.15
6.73	0.16
6.76	0.18
6.78	0.16
6.81	0.16
6.83	0.18
6.86	0.16
6.88	0.16
6.91	0.16
6.93	0.15
6.95	0.15
6.98	0.15
7.00	0.17
7.03	0.15
7.05	0.15
7.08	0.18
7.10	0.16
7.13	0.16
7.15	0.17
7.17	0.15
7.20	0.15
7.22	0.15
7.25	0.16
7.27	0.16
7.30	0.16
7.32	0.18
7.35	0.16
7.37	0.16
7.39	0.18
7.42	0.15
7.44	0.15
7.47	0.16
7.49	0.15
7.52	0.15
7.54	0.15
7.57	0.17
7.59	0.16
7.61	0.16
7.64	0.18
7.66	0.16
7.69	0.16
7.71	0.17
7.74	0.15
7.76	0.15
7.78	0.15
7.81	0.15
7.83	0.15
7.86	0.15
7.88	0.17
7.91	0.15
7.93	0.15
7.96	0.16
7.98	0.14
8.00	0.14
8.03	0.14
8.05	0.14
8.08	0.14
8.10	0.14
8.13	0.14
8.15	0.13
8.18	0.13
8.20	0.15
8.22	0.13
8.25	0.13
8.27	0.14
8.30	0.13
8.32	0.13
8.35	0.13
8.37	0.13
8.40	0.13
8.42	0.13
8.44	0.14
8.47	0.13
8.49	0.13
8.52	0.15
8.54	0.13
8.57	0.13
8.59	0.13
8.62	0.12
8.64	0.12
8.66	0.12
8.69	0.13
8.71	0.12
8.74	0.12
8.76	0.14
8.79	0.13
8.81	0.13
8.84	0.14
8.86	0.13
8.88	0.13
8.91	0.13
8.93	0.12
8.96	0.12
8.98	0.12
9.01	0.14
9.03	0.13
9.05	0.13
9.08	0.14
9.10	0.12
9.13	0.12
9.15	0.13
9.18	0.13
9.20	0.13
9.23	0.13
9.25	0.14
9.27	0.13
9.30	0.13
9.32	0.15
9.35	0.13
9.37	0.13
9.40	0.14
9.42	0.13
9.45	0.13
9.47	0.13
9.49	0.14
9.52	0.13
9.54	0.13
9.57	0.15
9.59	0.14
9.62	0.14
9.64	0.16
9.67	0.14
9.69	0.14
9.71	0.14
9.74	0.13
9.76	0.13
9.79	0.13
9.81	0.14
9.84	0.13
9.86	0.13
9.89	0.14
9.91	0.13
9.93	0.13
9.96	0.14
9.98	0.13
10.01	0.13
10.03	0.13
10.06	0.12
10.08	0.12
10.10	0.12
10.13	0.14
10.15	0.13
10.18	0.13
10.20	0.15
10.23	0.13
10.25	0.13
10.28	0.13
10.30	0.12
10.32	0.12
10.35	0.12
10.37	0.13
10.40	0.12
10.42	0.12
10.45	0.14
10.47	0.13
10.50	0.13
10.52	0.14
10.54	0.13
10.57	0.13
10.59	0.13
10.62	0.13
10.64	0.12
10.67	0.12
10.69	0.14
10.72	0.14
10.74	0.14
10.76	0.15
10.79	0.13
10.81	0.13
10.84	0.13
10.86	0.12
10.89	0.12
10.91	0.12
10.94	0.14
10.96	0.13
10.98	0.13
11.01	0.15
11.03	0.14
11.06	0.14
11.08	0.14
11.11	0.13
11.13	0.13
11.15	0.13
11.18	0.13
11.20	0.13
11.23	0.13
11.25	0.15
11.28	0.14
11.30	0.14
11.33	0.15
11.35	0.13
11.37	0.13
11.40	0.14
11.42	0.13
11.45	0.13
11.47	0.13
11.50	0.15
11.52	0.14
11.55	0.14
11.57	0.15
11.59	0.14
11.62	0.14
11.64	0.15
11.67	0.13
11.69	0.13
11.72	0.13
11.74	0.13
11.77	0.12
11.79	0.12
11.81	0.14
11.84	0.13
11.86	0.13
11.89	0.14
11.91	0.13
11.94	0.12
11.96	0.13
11.99	0.12
12.01	0.12
12.03	0.11
12.06	0.12
12.08	0.11
12.11	0.11
12.13	0.13
12.16	0.12
12.18	0.12
12.21	0.13
12.23	0.11
12.25	0.11
12.28	0.11
12.30	0.11
12.33	0.11
12.35	0.11
12.38	0.13
12.40	0.12
12.42	0.12
12.45	0.13
12.47	0.11
12.50	0.11
12.52	0.12
12.55	0.11
12.57	0.11
12.60	0.11
12.62	0.12
12.64	0.12
12.67	0.12
12.69	0.13
12.72	0.12
12.74	0.12
12.77	0.13
12.79	0.11
12.82	0.11
12.84	0.12
12.86	0.11
12.89	0.11
12.91	0.11
12.94	0.12
12.96	0.11
12.99	0.11
13.01	0.13
13.04	0.11
13.06	0.11
13.08	0.12
13.11	0.11
13.13	0.11
13.16	0.11
13.18	0.11
13.21	0.11
13.23	0.11
13.26	0.13
13.28	0.12
13.30	0.12
13.33	0.12
13.35	0.11
13.38	0.11
13.40	0.11
13.43	0.11
13.45	0.11
13.47	0.11
13.50	0.12
13.52	0.12
13.55	0.12
13.57	0.13
13.60	0.12
13.62	0.12
13.65	0.12
13.67	0.11
13.69	0.11
13.72	0.11
13.74	0.12
13.77	0.11
13.79	0.11
13.82	0.13
13.84	0.12
13.87	0.12
13.89	0.13
13.91	0.11
13.94	0.11
13.96	0.11
13.99	0.11
14.01	0.11
14.04	0.11
14.06	0.13
14.09	0.12
14.11	0.12
14.13	0.13
14.16	0.12
14.18	0.12
14.21	0.13
14.23	0.11
14.26	0.11
14.28	0.11
14.31	0.12
14.33	0.11
14.35	0.11
14.38	0.13
14.40	0.12
14.43	0.12
14.45	0.13
14.48	0.11
14.50	0.11
14.52	0.12
14.55	0.11
14.57	0.11
14.60	0.11
14.62	0.12
14.65	0.12
14.67	0.12
14.70	0.14
14.72	0.12
14.74	0.12
14.77	0.13
14.79	0.11
14.82	0.11
14.84	0.12
14.87	0.12
14.89	0.12
14.92	0.12
14.94	0.13
14.96	0.12
14.99	0.12
15.01	0.13
15.04	0.12
15.06	0.12
15.09	0.12
15.11	0.11
15.14	0.11
15.16	0.11
15.18	0.12
15.21	0.11
15.23	0.11
15.26	0.13
15.28	0.11
15.31	0.11
15.33	0.12
15.36	0.10
15.38	0.10
15.40	0.10
15.43	0.10
15.45	0.10
15.48	0.10
15.50	0.12
15.53	0.11
15.55	0.11
15.57	0.12
15.60	0.11
15.62	0.11
15.65	0.11
15.67	0.10
15.70	0.10
15.72	0.10
15.75	0.12
15.77	0.11
15.79	0.11
15.82	0.12
15.84	0.11
15.87	0.11
15.89	0.11
15.92	0.10
15.94	0.10
15.97	0.10
15.99	0.11
16.01	0.11
16.04	0.10
16.06	0.12
16.09	0.11
16.11	0.11
16.14	0.13
16.16	0.11
16.19	0.10
16.21	0.11
16.23	0.10
16.26	0.10
16.28	0.10
16.31	0.11
16.33	0.10
16.36	0.10
16.38	0.12
16.41	0.11
16.43	0.11
16.45	0.11
16.48	0.10
16.50	0.10
16.53	0.10
16.55	0.11
16.58	0.11
16.60	0.11
16.63	0.12
16.65	0.11
16.67	0.11
16.70	0.13
16.72	0.11
16.75	0.11
16.77	0.12
16.80	0.11
16.82	0.11
16.84	0.11
16.87	0.11
16.89	0.11
16.92	0.11
16.94	0.12
16.97	0.11
16.99	0.11
17.02	0.12
17.04	0.10
17.06	0.10
17.09	0.10
17.11	0.10
17.14	0.10
17.16	0.10
17.19	0.11
17.21	0.11
17.24	0.11
17.26	0.12
17.28	0.11
17.31	0.11
17.33	0.11
17.36	0.10
17.38	0.10
17.41	0.10
17.43	0.11
17.46	0.10
17.48	0.10
17.50	0.12
17.53	0.11
17.55	0.11
17.58	0.12
17.60	0.11
17.63	0.11
17.65	0.11
17.68	0.11
17.70	0.11
17.72	0.11
17.75	0.12
17.77	0.11
17.80	0.11
17.82	0.12
17.85	0.11
17.87	0.11
17.89	0.11
17.92	0.11
17.94	0.11
17.97	0.11
17.99	0.11
18.02	0.11
18.04	0.11
18.07	0.12
18.09	0.11
18.11	0.11
18.14	0.12
18.16	0.10
18.19	0.10
18.21	0.10
18.24	0.11
18.26	0.10
18.29	0.10
18.31	0.12
18.33	0.11
18.36	0.11
18.38	0.12
18.41	0.10
18.43	0.10
18.46	0.11
18.48	0.10
18.51	0.10
18.53	0.10
18.55	0.11
18.58	0.10
18.60	0.10
18.63	0.12
18.65	0.11
18.68	0.11
18.70	0.12
18.73	0.11
18.75	0.11
18.77	0.11
18.80	0.10
18.82	0.10
18.85	0.10
18.87	0.12
18.90	0.11
18.92	0.11
18.94	0.12
18.97	0.11
18.99	0.11
19.02	0.11
19.04	0.11
19.07	0.11
19.09	0.11
19.12	0.11
19.14	0.11
19.16	0.11
19.19	0.12
19.21	0.11
19.24	0.11
19.26	0.12
19.29	0.10
19.31	0.10
19.34	0.10
19.36	0.10
19.38	0.10
19.41	0.10
19.43	0.11
19.46	0.11
19.48	0.11
19.51	0.12
19.53	0.11
19.56	0.11
19.58	0.11
19.60	0.10
19.63	0.10
19.65	0.10
19.68	0.11
19.70	0.10
19.73	0.10
19.75	0.12
19.78	0.11
19.80	0.11
19.82	0.12
19.85	0.11
19.87	0.11
19.90	0.11
19.92	0.11
19.95	0.11
19.97	0.11
19.99	0.12
20.02	0.11
20.04	0.11
20.07	0.12
20.09	0.11
20.12	0.11
20.14	0.11
20.17	0.10
20.19	0.10
20.21	0.10
20.24	0.11
20.26	0.10
20.29	0.10
20.31	0.12
20.34	0.11
20.36	0.11
20.39	0.12
20.41	0.10
20.43	0.10
20.46	0.11
20.48	0.10
20.51	0.10
20.53	0.10
20.56	0.11
20.58	0.11
20.61	0.11
20.63	0.12
20.65	0.11
20.68	0.11
20.70	0.11
20.73	0.10
20.75	0.10
20.78	0.10
20.80	0.10
20.83	0.10
20.85	0.10
20.87	0.12
20.90	0.11
20.92	0.11
20.95	0.12
20.97	0.10
21.00	0.10
21.02	0.11
21.05	0.11
21.07	0.11
21.09	0.11
21.12	0.12
21.14	0.11
21.17	0.11
21.19	0.13
21.22	0.11
21.24	0.11
21.26	0.12
21.29	0.11
21.31	0.10
21.34	0.11
21.36	0.11
21.39	0.11
21.41	0.11
21.44	0.12
21.46	0.11
21.48	0.11
21.51	0.13
21.53	0.11
21.56	0.11
21.58	0.12
21.61	0.11
21.63	0.11
21.66	0.11
21.68	0.12
21.70	0.11
21.73	0.11
21.75	0.13
21.78	0.12
21.80	0.12
21.83	0.13
21.85	0.11
21.88	0.11
21.90	0.11
21.92	0.11
21.95	0.11
21.97	0.11
22.00	0.12
22.02	0.11
22.05	0.11
22.07	0.12
22.10	0.11
22.12	0.11
22.14	0.11
22.17	0.10
22.19	0.10
22.22	0.10
22.24	0.10
22.27	0.10
22.29	0.10
22.31	0.12
22.34	0.10
22.36	0.10
22.39	0.11
22.41	0.09
22.44	0.09
22.46	0.09
22.49	0.09
22.51	0.09
22.53	0.09
22.56	0.11
22.58	0.10
22.61	0.10
22.63	0.11
22.66	0.10
22.68	0.10
22.71	0.10
22.73	0.09
22.75	0.09
22.78	0.09
22.80	0.10
22.83	0.10
22.85	0.10
22.88	0.11
22.90	0.10
22.93	0.10
22.95	0.11
22.97	0.10
23.00	0.10
23.02	0.10
23.05	0.10
23.07	0.10
23.10	0.10
23.12	0.11
23.15	0.11
23.17	0.10
23.19	0.12
23.22	0.11
23.24	0.11
23.27	0.12
23.29	0.11
23.32	0.11
23.34	0.11
23.36	0.11
23.39	0.11
23.41	0.11
23.44	0.13
23.46	0.11
23.49	0.11
23.51	0.13
23.54	0.11
23.56	0.11
23.58	0.11
23.61	0.11
23.63	0.11
23.66	0.11
23.68	0.11
23.71	0.11
23.73	0.11
23.76	0.13
23.78	0.11
23.80	0.11
23.83	0.12
23.85	0.10
23.88	0.10
23.90	0.10
23.93	0.10
23.95	0.10
23.98	0.10
24.00	0.12
24.02	0.11
24.05	0.11
24.07	0.12
24.10	0.11
24.12	0.11
24.15	0.11
24.17	0.10
24.20	0.10
24.22	0.10
24.24	0.11
24.27	0.11
24.29	0.11
24.32	0.12
24.34	0.11
24.37	0.11
24.39	0.12
24.42	0.10
24.44	0.10
24.46	0.10
24.49	0.10
24.51	0.10
24.54	0.10
24.56	0.12
24.59	0.10
24.61	0.10
24.63	0.12
24.66	0.10
24.68	0.10
24.71	0.11
24.73	0.11
24.76	0.11
24.78	0.11
24.81	0.12
24.83	0.11
24.85	0.11
24.88	0.13
24.90	0.12
24.93	0.12
24.95	0.13
24.98	0.12
25.00	0.12
25.03	0.12
25.05	0.12
25.07	0.12
25.10	0.12
25.12	0.14
25.15	0.13
25.17	0.13
25.20	0.14
25.22	0.12
25.25	0.13
25.27	0.13
25.29	0.12
25.32	0.12
25.34	0.12
25.37	0.12
25.39	0.11
25.42	0.11
25.44	0.13
25.47	0.12
25.49	0.12
25.51	0.13
25.54	0.11
25.56	0.11
25.59	0.11
25.61	0.11
25.64	0.11
25.66	0.11
25.68	0.12
25.71	0.11
25.73	0.11
25.76	0.13
25.78	0.11
25.81	0.11
25.83	0.12
25.86	0.11
25.88	0.11
25.90	0.11
25.93	0.12
25.95	0.12
25.98	0.12
26.00	0.13
26.03	0.12
26.05	0.12
26.08	0.13
26.10	0.11
26.12	0.11
26.15	0.12
26.17	0.12
26.20	0.12
26.22	0.12
26.25	0.13
26.27	0.12
26.30	0.12
26.32	0.13
26.34	0.12
26.37	0.12
26.39	0.13
26.42	0.11
26.44	0.11
26.47	0.11
26.49	0.12
26.52	0.11
26.54	0.11
26.56	0.13
26.59	0.12
26.61	0.12
26.64	0.13
26.66	0.12
26.69	0.12
26.71	0.12
26.73	0.12
26.76	0.12
26.78	0.12
26.81	0.12
26.83	0.11
26.86	0.13
26.88	0.12
26.91	0.11
26.93	0.12
26.95	0.12
26.98	0.11
27.00	0.11
27.03	0.12
27.05	0.11
27.08	0.11
27.10	0.12
27.13	0.12
27.15	0.11
27.17	0.12
27.20	0.12
27.22	0.11
27.25	0.11
27.27	0.12
27.30	0.10
27.32	0.10
27.35	0.12
27.37	0.12
27.39	0.11
27.42	0.12
27.44	0.12
27.47	0.12
27.49	0.13
27.52	0.12
27.54	0.12
27.57	0.12
27.59	0.12
27.61	0.12
27.64	0.12
27.66	0.14
27.69	0.13
27.71	0.13
27.74	0.14
27.76	0.12
27.78	0.12
27.81	0.13
27.83	0.12
27.86	0.12
27.88	0.12
27.91	0.13
27.93	0.13
27.96	0.13
27.98	0.14
28.00	0.12
28.03	0.12
28.05	0.14
28.08	0.12
28.10	0.12
28.13	0.12
28.15	0.13
28.18	0.13
28.20	0.13
28.22	0.14
28.25	0.13
28.27	0.13
28.30	0.15
28.32	0.12
28.35	0.12
28.37	0.13
28.40	0.13
28.42	0.13
28.44	0.13
28.47	0.14
28.49	0.13
28.52	0.13
28.54	0.14
28.57	0.12
28.59	0.12
28.62	0.13
28.64	0.12
28.66	0.12
28.69	0.12
28.71	0.12
28.74	0.12
28.76	0.12
28.79	0.13
28.81	0.12
28.84	0.12
28.86	0.14
28.88	0.12
28.91	0.12
28.93	0.13
28.96	0.12
28.98	0.12
29.01	0.12
29.03	0.13
29.05	0.12
29.08	0.12
29.10	0.14
29.13	0.12
29.15	0.13
29.18	0.13
29.20	0.12
29.23	0.12
29.25	0.12
29.27	0.13
29.30	0.12
29.32	0.12
29.35	0.14
29.37	0.13
29.40	0.13
29.42	0.15
29.45	0.13
29.47	0.13
29.49	0.14
29.52	0.12
29.54	0.12
29.57	0.12
29.59	0.13
29.62	0.12
29.64	0.12
29.67	0.15
29.69	0.13
29.71	0.13
29.74	0.14
29.76	0.13
29.79	0.13
29.81	0.13
29.84	0.13
29.86	0.13
29.89	0.13
29.91	0.15
29.93	0.13
29.96	0.13
29.98	0.16
30.01	0.14
30.03	0.14
30.06	0.15
30.08	0.14
30.10	0.14
30.13	0.14
30.15	0.14
30.18	0.14
30.20	0.14
30.23	0.16
30.25	0.14
30.28	0.14
30.30	0.16
30.32	0.14
30.35	0.14
30.37	0.15
30.40	0.15
30.42	0.15
30.45	0.15
30.47	0.15
30.50	0.15
30.52	0.15
30.54	0.16
30.57	0.15
30.59	0.15
30.62	0.15
30.64	0.14
30.67	0.14
30.69	0.14
30.72	0.14
30.74	0.14
30.76	0.14
30.79	0.16
30.81	0.15
30.84	0.15
30.86	0.16
30.89	0.14
30.91	0.14
30.94	0.15
30.96	0.14
30.98	0.14
31.01	0.14
31.03	0.15
31.06	0.14
31.08	0.14
31.11	0.16
31.13	0.14
31.15	0.14
31.18	0.15
31.20	0.14
31.23	0.14
31.25	0.14
31.28	0.15
31.30	0.14
31.33	0.14
31.35	0.16
31.37	0.14
31.40	0.14
31.42	0.16
31.45	0.13
31.47	0.13
31.50	0.14
31.52	0.14
31.55	0.14
31.57	0.14
31.59	0.16
31.62	0.15
31.64	0.15
31.67	0.16
31.69	0.14
31.72	0.15
31.74	0.16
31.77	0.14
31.79	0.14
31.81	0.15
31.84	0.15
31.86	0.14
31.89	0.14
31.91	0.17
31.94	0.15
31.96	0.15
31.99	0.17
32.01	0.15
32.03	0.15
32.06	0.16
32.08	0.15
32.11	0.15
32.13	0.15
32.16	0.17
32.18	0.15
32.20	0.15
32.23	0.18
32.25	0.16
32.28	0.16
32.30	0.17
32.33	0.16
32.35	0.16
32.38	0.16
32.40	0.16
32.42	0.16
32.45	0.16
32.47	0.18
32.50	0.16
32.52	0.16
32.55	0.18
32.57	0.16
32.60	0.16
32.62	0.17
32.64	0.15
32.67	0.15
32.69	0.15
32.72	0.16
32.74	0.16
32.77	0.16
32.79	0.18
32.82	0.16
32.84	0.16
32.86	0.17
32.89	0.14
32.91	0.14
32.94	0.15
32.96	0.15
32.99	0.15
33.01	0.15
33.04	0.17
33.06	0.16
33.08	0.16
33.11	0.17
33.13	0.15
33.16	0.15
33.18	0.16
33.21	0.15
33.23	0.15
33.26	0.15
33.28	0.16
33.30	0.15
33.33	0.15
33.35	0.17
33.38	0.15
33.40	0.15
33.43	0.16
33.45	0.15
33.47	0.15
33.50	0.15
33.52	0.16
33.55	0.15
33.57	0.15
33.60	0.16
33.62	0.15
33.65	0.15
33.67	0.17
33.69	0.15
33.72	0.15
33.74	0.16
33.77	0.15
33.79	0.15
33.82	0.15
33.84	0.16
33.87	0.15
33.89	0.15
33.91	0.17
33.94	0.15
33.96	0.15
33.99	0.16
34.01	0.15
34.04	0.15
34.06	0.15
34.09	0.15
34.11	0.15
34.13	0.15
34.16	0.16
34.18	0.15
34.21	0.15
34.23	0.17
34.26	0.15
34.28	0.15
34.31	0.16
34.33	0.14
34.35	0.14
34.38	0.14
34.40	0.15
34.43	0.14
34.45	0.14
34.48	0.16
34.50	0.14
34.52	0.14
34.55	0.16
34.57	0.14
34.60	0.14
34.62	0.14
34.65	0.14
34.67	0.14
34.70	0.14
34.72	0.15
34.74	0.14
34.77	0.14
34.79	0.16
34.82	0.14
34.84	0.14
34.87	0.15
34.89	0.14
34.92	0.14
34.94	0.14
34.96	0.14
34.99	0.14
35.01	0.14
35.04	0.15
35.06	0.14
35.09	0.14
35.11	0.15
35.14	0.13
35.16	0.13
35.18	0.14
35.21	0.13
35.23	0.13
35.26	0.13
35.28	0.14
35.31	0.13
35.33	0.13
35.36	0.15
35.38	0.13
35.40	0.13
35.43	0.14
35.45	0.13
35.48	0.13
35.50	0.13
35.53	0.13
35.55	0.12
35.57	0.12
35.60	0.14
35.62	0.13
35.65	0.13
35.67	0.14
35.70	0.12
35.72	0.12
35.75	0.12
35.77	0.12
35.79	0.12
35.82	0.12
35.84	0.13
35.87	0.12
35.89	0.12
35.92	0.14
35.94	0.12
35.97	0.12
35.99	0.13
36.01	0.11
36.04	0.11
36.06	0.11
36.09	0.12
36.11	0.12
36.14	0.12
36.16	0.14
36.19	0.12
36.21	0.12
36.23	0.14
36.26	0.12
36.28	0.13
36.31	0.13
36.33	0.13
36.36	0.13
36.38	0.13
36.41	0.14
36.43	0.13
36.45	0.13
36.48	0.15
36.50	0.13
36.53	0.13
36.55	0.14
36.58	0.13
36.60	0.13
36.62	0.13
36.65	0.13
36.67	0.13
36.70	0.13
36.72	0.14
36.75	0.13
36.77	0.13
36.80	0.14
36.82	0.12
36.84	0.12
36.87	0.13
36.89	0.12
36.92	0.12
36.94	0.12
36.97	0.12
36.99	0.12
37.02	0.12
37.04	0.13
37.06	0.12
37.09	0.12
37.11	0.13
37.14	0.11
37.16	0.11
37.19	0.12
37.21	0.12
37.24	0.11
37.26	0.11
37.28	0.13
37.31	0.12
37.33	0.12
37.36	0.13
37.38	0.11
37.41	0.11
37.43	0.12
37.46	0.11
37.48	0.11
37.50	0.11
37.53	0.12
37.55	0.11
37.58	0.11
37.60	0.13
37.63	0.11
37.65	0.11
37.68	0.12
37.70	0.11
37.72	0.11
37.75	0.11
37.77	0.11
37.80	0.11
37.82	0.11
37.85	0.12
37.87	0.11
37.89	0.11
37.92	0.12
37.94	0.11
37.97	0.11
37.99	0.11
38.02	0.11
38.04	0.11
38.07	0.11
38.09	0.11
38.11	0.11
38.14	0.11
38.16	0.12
38.19	0.11
38.21	0.11
38.24	0.12
38.26	0.10
38.29	0.10
38.31	0.11
38.33	0.10
38.36	0.10
38.38	0.10
38.41	0.12
38.43	0.11
38.46	0.11
38.48	0.12
38.51	0.11
38.53	0.11
38.55	0.11
38.58	0.10
38.60	0.10
38.63	0.10
38.65	0.11
38.68	0.10
38.70	0.10
38.73	0.12
38.75	0.10
38.77	0.10
38.80	0.11
38.82	0.10
38.85	0.10
38.87	0.10
38.90	0.10
38.92	0.10
38.94	0.10
38.97	0.11
38.99	0.10
39.02	0.10
39.04	0.12
39.07	0.11
39.09	0.11
39.12	0.11
39.14	0.10
39.16	0.10
39.19	0.10
39.21	0.11
39.24	0.10
39.26	0.10
39.29	0.12
39.31	0.11
39.34	0.11
39.36	0.12
39.38	0.11
39.41	0.11
39.43	0.11
39.46	0.11
39.48	0.11
39.51	0.11
39.53	0.13
39.56	0.12
39.58	0.12
39.60	0.13
39.63	0.12
39.65	0.12
39.68	0.12
39.70	0.11
39.73	0.11
39.75	0.12
39.78	0.12
39.80	0.12
39.82	0.12
39.85	0.14
39.87	0.13
39.90	0.13
39.92	0.14
39.95	0.12
39.97	0.12
39.99	0.12
40.02	0.12
40.04	0.12
40.07	0.12
40.09	0.13
40.12	0.13
40.14	0.12
40.17	0.14
40.19	0.13
40.21	0.13
40.24	0.14
40.26	0.14
40.29	0.14
40.31	0.14
40.34	0.14
40.36	0.14
40.39	0.14
40.41	0.16
40.43	0.14
40.46	0.14
40.48	0.16
40.51	0.13
40.53	0.13
40.56	0.14
40.58	0.15
40.61	0.14
40.63	0.14
40.65	0.16
40.68	0.15
40.70	0.15
40.73	0.17
40.75	0.15
40.78	0.15
40.80	0.16
40.83	0.15
40.85	0.15
40.87	0.16
40.90	0.16
40.92	0.15
40.95	0.15
40.97	0.17
41.00	0.16
41.02	0.16
41.05	0.18
41.07	0.16
41.09	0.16
41.12	0.17
41.14	0.16
41.17	0.16
41.19	0.16
41.22	0.17
41.24	0.16
41.26	0.16
41.29	0.18
41.31	0.16
41.34	0.16
41.36	0.18
41.39	0.17
41.41	0.17
41.44	0.17
41.46	0.18
41.48	0.17
41.51	0.17
41.53	0.19
41.56	0.17
41.58	0.17
41.61	0.19
41.63	0.17
41.66	0.17
41.68	0.18
41.70	0.17
41.73	0.17
41.75	0.17
41.78	0.19
41.80	0.18
41.83	0.18
41.85	0.20
41.88	0.18
41.90	0.18
41.92	0.19
41.95	0.18
41.97	0.18
42.00	0.19
42.02	0.19
42.05	0.18
42.07	0.18
42.10	0.20
42.12	0.18
42.14	0.18
42.17	0.20
42.19	0.18
42.22	0.18
42.24	0.20
42.27	0.19
42.29	0.19
42.31	0.19
42.34	0.20
42.36	0.18
42.39	0.18
42.41	0.21
42.44	0.19
42.46	0.19
42.49	0.21
42.51	0.20
42.53	0.20
42.56	0.20
42.58	0.21
42.61	0.20
42.63	0.20
42.66	0.21
42.68	0.20
42.71	0.20
42.73	0.22
42.75	0.20
42.78	0.20
42.80	0.21
42.83	0.20
42.85	0.20
42.88	0.20
42.90	0.22
42.93	0.20
42.95	0.20
42.97	0.23
43.00	0.21
43.02	0.21
43.05	0.23
43.07	0.21
43.10	0.21
43.12	0.22
43.15	0.22
43.17	0.21
43.19	0.21
43.22	0.23
43.24	0.21
43.27	0.21
43.29	0.24
43.32	0.21
43.34	0.21
43.36	0.23
43.39	0.22
43.41	0.22
43.44	0.23
43.46	0.23
43.49	0.22
43.51	0.22
43.54	0.25
43.56	0.23
43.58	0.23
43.61	0.25
43.63	0.23
43.66	0.23
43.68	0.24
43.71	0.24
43.73	0.24
43.76	0.24
43.78	0.25
43.80	0.23
43.83	0.23
43.85	0.26
43.88	0.23
43.90	0.23
43.93	0.25
43.95	0.24
43.98	0.23
44.00	0.24
44.02	0.25
44.05	0.24
44.07	0.24
44.10	0.26
44.12	0.24
44.15	0.24
44.17	0.26
44.20	0.24
44.22	0.24
44.24	0.25
44.27	0.25
44.29	0.24
44.32	0.24
44.34	0.25
44.37	0.23
44.39	0.23
44.41	0.26
44.44	0.24
44.46	0.24
44.49	0.26
44.51	0.25
44.54	0.25
44.56	0.26
44.59	0.26
44.61	0.25
44.63	0.25
44.66	0.27
44.68	0.24
44.71	0.24
44.73	0.27
44.76	0.25
44.78	0.25
44.81	0.27
44.83	0.27
44.85	0.26
44.88	0.26
44.90	0.27
44.93	0.25
44.95	0.25
44.98	0.27
45.00	0.25
45.03	0.25
45.05	0.27
45.07	0.25
45.10	0.25
45.12	0.27
45.15	0.27
45.17	0.26
45.20	0.26
45.22	0.28
45.25	0.25
45.27	0.25
45.29	0.28
45.32	0.26
45.34	0.26
45.37	0.27
45.39	0.27
45.42	0.26
45.44	0.26
45.47	0.28
45.49	0.26
45.51	0.26
45.54	0.29
45.56	0.26
45.59	0.26
45.61	0.28
45.64	0.28
45.66	0.27
45.68	0.29
45.71	0.29
45.73	0.27
45.76	0.28
45.78	0.29
45.81	0.27
45.83	0.27
45.86	0.29
45.88	0.27
45.90	0.27
45.93	0.29
45.95	0.29
45.98	0.28
46.00	0.28
46.03	0.29
46.05	0.27
46.08	0.27
46.10	0.29
46.12	0.27
46.15	0.27
46.17	0.29
46.20	0.27
46.22	0.27
46.25	0.29
46.27	0.29
46.30	0.27
46.32	0.27
46.34	0.29
46.37	0.27
46.39	0.27
46.42	0.30
46.44	0.28
46.47	0.28
46.49	0.29
46.52	0.29
46.54	0.28
46.56	0.29
46.59	0.30
46.61	0.28
46.64	0.28
46.66	0.30
46.69	0.28
46.71	0.28
46.73	0.30
46.76	0.29
46.78	0.29
46.81	0.30
46.83	0.30
46.86	0.29
46.88	0.29
46.91	0.30
46.93	0.28
46.95	0.28
46.98	0.30
47.00	0.28
47.03	0.28
47.05	0.30
47.08	0.30
47.10	0.29
47.13	0.30
47.15	0.31
47.17	0.29
47.20	0.29
47.22	0.31
47.25	0.28
47.27	0.28
47.30	0.31
47.32	0.29
47.35	0.29
47.37	0.31
47.39	0.32
47.42	0.30
47.44	0.30
47.47	0.31
47.49	0.29
47.52	0.29
47.54	0.32
47.57	0.30
47.59	0.30
47.61	0.32
47.64	0.32
47.66	0.31
47.69	0.32
47.71	0.32
47.74	0.30
47.76	0.30
47.78	0.33
47.81	0.30
47.83	0.30
47.86	0.32
47.88	0.31
47.91	0.31
47.93	0.33
47.96	0.32
47.98	0.31
48.00	0.31
48.03	0.32
48.05	0.30
48.08	0.30
48.10	0.32
48.13	0.30
48.15	0.30
48.18	0.33
48.20	0.32
48.22	0.31
48.25	0.32
48.27	0.32
48.30	0.31
48.32	0.31
48.35	0.33
48.37	0.30
48.40	0.30
48.42	0.32
48.44	0.31
48.47	0.31
48.49	0.33
48.52	0.33
48.54	0.31
48.57	0.31
48.59	0.32
48.62	0.30
48.64	0.30
48.66	0.32
48.69	0.31
48.71	0.31
48.74	0.33
48.76	0.32
48.79	0.32
48.81	0.33
48.84	0.33
48.86	0.31
48.88	0.31
48.91	0.33
48.93	0.31
48.96	0.31
48.98	0.33
49.01	0.32
49.03	0.32
49.05	0.33
49.08	0.34
49.10	0.32
49.13	0.32
49.15	0.33
49.18	0.31
49.20	0.31
49.23	0.33
49.25	0.31
49.27	0.31
49.30	0.33
49.32	0.33
49.35	0.31
49.37	0.32
49.40	0.33
49.42	0.31
49.45	0.31
49.47	0.33
49.49	0.30
49.52	0.30
49.54	0.33
49.57	0.31
49.59	0.31
49.62	0.32
49.64	0.32
49.67	0.30
49.69	0.30
49.71	0.32
49.74	0.30
49.76	0.30
49.79	0.32
49.81	0.30
49.84	0.30
49.86	0.32
49.89	0.31
49.91	0.30
49.93	0.31
49.96	0.31
49.98	0.29
50.01	0.29
50.03	0.32
50.06	0.29
50.08	0.29
50.10	0.31
50.13	0.29
50.15	0.29
50.18	0.31
50.20	0.30
50.23	0.29
50.25	0.29
50.28	0.30
50.30	0.28
50.32	0.28
50.35	0.31
50.37	0.28
50.40	0.28
50.42	0.30
50.45	0.29
50.47	0.28
50.50	0.29
50.52	0.29
50.54	0.28
50.57	0.28
50.59	0.29
50.62	0.27
50.64	0.27
50.67	0.29
50.69	0.27
50.72	0.27
50.74	0.29
50.76	0.28
50.79	0.27
50.81	0.27
50.84	0.28
50.86	0.26
50.89	0.26
50.91	0.28
50.94	0.26
50.96	0.26
50.98	0.27
51.01	0.27
51.03	0.26
51.06	0.27
51.08	0.27
51.11	0.25
51.13	0.25
51.15	0.26
51.18	0.24
51.20	0.24
51.23	0.26
51.25	0.25
51.28	0.25
51.30	0.26
51.33	0.25
51.35	0.24
51.37	0.24
51.40	0.26
51.42	0.24
51.45	0.24
51.47	0.26
51.50	0.23
51.52	0.23
51.55	0.25
51.57	0.24
51.59	0.23
51.62	0.24
51.64	0.25
51.67	0.23
51.69	0.23
51.72	0.24
51.74	0.22
51.77	0.22
51.79	0.24
51.81	0.22
51.84	0.22
51.86	0.24
51.89	0.23
51.91	0.22
51.94	0.22
51.96	0.24
51.99	0.22
52.01	0.22
52.03	0.24
52.06	0.21
52.08	0.21
52.11	0.23
52.13	0.22
52.16	0.21
52.18	0.22
52.20	0.23
52.23	0.22
52.25	0.22
52.28	0.24
52.30	0.21
52.33	0.21
52.35	0.23
52.38	0.22
52.40	0.22
52.42	0.23
52.45	0.23
52.47	0.22
52.50	0.22
52.52	0.23
52.55	0.22
52.57	0.22
52.60	0.24
52.62	0.21
52.64	0.21
52.67	0.22
52.69	0.21
52.72	0.21
52.74	0.22
52.77	0.22
52.79	0.21
52.82	0.21
52.84	0.22
52.86	0.20
52.89	0.20
52.91	0.22
52.94	0.20
52.96	0.20
52.99	0.20
53.01	0.20
53.04	0.19
53.06	0.19
53.08	0.20
53.11	0.19
53.13	0.19
53.16	0.21
53.18	0.19
53.21	0.19
53.23	0.20
53.26	0.19
53.28	0.19
53.30	0.19
53.33	0.20
53.35	0.18
53.38	0.18
53.40	0.20
53.43	0.18
53.45	0.18
53.47	0.20
53.50	0.18
53.52	0.18
53.55	0.19
53.57	0.19
53.60	0.18
53.62	0.18
53.65	0.19
53.67	0.18
53.69	0.18
53.72	0.20
53.74	0.18
53.77	0.18
53.79	0.19
53.82	0.17
53.84	0.17
53.87	0.18
53.89	0.18
53.91	0.17
53.94	0.19
53.96	0.19
53.99	0.17
54.01	0.18
54.04	0.19
54.06	0.16
54.09	0.17
54.11	0.18
54.13	0.17
54.16	0.16
54.18	0.18
54.21	0.18
54.23	0.16
54.26	0.18
54.28	0.18
54.31	0.16
54.33	0.17
54.35	0.18
54.38	0.16
54.40	0.16
54.43	0.17
54.45	0.16
54.48	0.15
54.50	0.17
54.52	0.17
54.55	0.15
54.57	0.16
54.60	0.15
54.62	0.15
54.65	0.16
54.67	0.16
54.70	0.15
54.72	0.15
54.74	0.16
54.77	0.15
54.79	0.15
54.82	0.17
54.84	0.15
54.87	0.15
54.89	0.16
54.92	0.15
54.94	0.15
54.96	0.15
54.99	0.15
55.01	0.15
55.04	0.15
55.06	0.17
55.09	0.15
55.11	0.15
55.14	0.17
55.16	0.15
55.18	0.15
55.21	0.16
55.23	0.15
55.26	0.15
55.28	0.15
55.31	0.16
55.33	0.15
55.36	0.15
55.38	0.17
55.40	0.15
55.43	0.15
55.45	0.15
55.48	0.15
55.50	0.15
55.53	0.15
55.55	0.15
55.57	0.15
55.60	0.15
55.62	0.16
55.65	0.15
55.67	0.15
55.70	0.16
55.72	0.15
55.75	0.15
55.77	0.15
55.79	0.15
55.82	0.15
55.84	0.15
55.87	0.16
55.89	0.15
55.92	0.15
55.94	0.17
55.97	0.15
55.99	0.15
56.01	0.16
56.04	0.15
56.06	0.15
56.09	0.15
56.11	0.16
56.14	0.15
56.16	0.15
56.19	0.17
56.21	0.16
56.23	0.16
56.26	0.17
56.28	0.16
56.31	0.16
56.33	0.16
56.36	0.16
56.38	0.16
56.41	0.16
56.43	0.17
56.45	0.15
56.48	0.15
56.50	0.18
56.53	0.16
56.55	0.16
56.58	0.17
56.60	0.17
56.62	0.17
56.65	0.17
56.67	0.17
56.70	0.17
56.72	0.17
56.75	0.19
56.77	0.17
56.80	0.17
56.82	0.18
56.84	0.17
56.87	0.17
56.89	0.17
56.92	0.17
56.94	0.17
56.97	0.17
56.99	0.18
57.02	0.17
57.04	0.17
57.06	0.19
57.09	0.16
57.11	0.17
57.14	0.18
57.16	0.16
57.19	0.16
57.21	0.17
57.24	0.18
57.26	0.17
57.28	0.17
57.31	0.19
57.33	0.17
57.36	0.18
57.38	0.19
57.41	0.17
57.43	0.17
57.46	0.18
57.48	0.18
57.50	0.18
57.53	0.18
57.55	0.19
57.58	0.18
57.60	0.18
57.63	0.20
57.65	0.18
57.68	0.18
57.70	0.19
57.72	0.19
57.75	0.19
57.77	0.19
57.80	0.20
57.82	0.19
57.85	0.19
57.87	0.20
57.89	0.19
57.92	0.19
57.94	0.21
57.97	0.19
57.99	0.19
58.02	0.20
58.04	0.21
58.07	0.20
58.09	0.20
58.11	0.22
58.14	0.20
58.16	0.20
58.19	0.22
58.21	0.20
58.24	0.20
58.26	0.21
58.29	0.21
58.31	0.21
58.33	0.21
58.36	0.22
58.38	0.20
58.41	0.20
58.43	0.23
58.46	0.21
58.48	0.21
58.51	0.23
58.53	0.21
58.55	0.21
58.58	0.22
58.60	0.22
58.63	0.21
58.65	0.21
58.68	0.22
58.70	0.21
58.73	0.21
58.75	0.23
58.77	0.21
58.80	0.21
58.82	0.22
58.85	0.21
58.87	0.21
58.90	0.22
58.92	0.23
58.94	0.21
58.97	0.21
58.99	0.24
59.02	0.22
59.04	0.22
59.07	0.24
59.09	0.22
59.12	0.22
59.14	0.23
59.16	0.23
59.19	0.22
59.21	0.22
59.24	0.24
59.26	0.23
59.29	0.23
59.31	0.25
59.34	0.23
59.36	0.23
59.38	0.24
59.41	0.24
59.43	0.24
59.46	0.24
59.48	0.25
59.51	0.23
59.53	0.23
59.56	0.25
59.58	0.23
59.60	0.23
59.63	0.25
59.65	0.23
59.68	0.23
59.70	0.25
59.73	0.25
59.75	0.24
59.78	0.24
59.80	0.25
59.82	0.23
59.85	0.23
59.87	0.26
59.90	0.23
59.92	0.23
59.95	0.25
59.97	0.24
59.99	0.24
60.02	0.25
60.04	0.25
60.07	0.24
60.09	0.24
60.12	0.26
60.14	0.24
60.17	0.24
60.19	0.26
60.21	0.25
60.24	0.25
60.26	0.27
60.29	0.27
60.31	0.25
60.34	0.25
60.36	0.27
60.39	0.25
60.41	0.25
60.43	0.28
60.46	0.25
60.48	0.25
60.51	0.27
60.53	0.26
60.56	0.26
60.58	0.27
60.61	0.27
60.63	0.26
60.65	0.26
60.68	0.28
60.70	0.26
60.73	0.26
60.75	0.28
60.78	0.26
60.80	0.26
60.83	0.28
60.85	0.28
60.87	0.27
60.90	0.27
60.92	0.28
60.95	0.26
60.97	0.26
61.00	0.29
61.02	0.26
61.05	0.26
61.07	0.29
61.09	0.27
61.12	0.27
61.14	0.28
61.17	0.29
61.19	0.27
61.22	0.27
61.24	0.29
61.26	0.27
61.29	0.27
61.31	0.29
61.34	0.28
61.36	0.28
61.39	0.30
61.41	0.30
61.44	0.29
61.46	0.29
61.48	0.30
61.51	0.28
61.53	0.28
61.56	0.31
61.58	0.29
61.61	0.29
61.63	0.31
61.66	0.30
61.68	0.30
61.70	0.31
61.73	0.31
61.75	0.29
61.78	0.29
61.80	0.32
61.83	0.29
61.85	0.29
61.88	0.31
61.90	0.30
61.92	0.30
61.95	0.31
61.97	0.31
62.00	0.30
62.02	0.30
62.05	0.31
62.07	0.29
62.10	0.29
62.12	0.32
62.14	0.30
62.17	0.30
62.19	0.32
62.22	0.31
62.24	0.30
62.27	0.31
62.29	0.32
62.31	0.30
62.34	0.30
62.36	0.32
62.39	0.30
62.41	0.30
62.44	0.32
62.46	0.30
62.49	0.30
62.51	0.32
62.53	0.30
62.56	0.29
62.58	0.29
62.61	0.31
62.63	0.28
62.66	0.28
62.68	0.31
62.71	0.29
62.73	0.29
62.75	0.31
62.78	0.30
62.80	0.29
62.83	0.30
62.85	0.31
62.88	0.29
62.90	0.29
62.93	0.32
62.95	0.29
62.97	0.29
63.00	0.32
63.02	0.30
63.05	0.30
63.07	0.32
63.10	0.32
63.12	0.31
63.15	0.31
63.17	0.33
63.19	0.32
63.22	0.32
63.24	0.35
63.27	0.33
63.29	0.33
63.32	0.35
63.34	0.35
63.36	0.34
63.39	0.35
63.41	0.36
63.44	0.34
63.46	0.34
63.49	0.36
63.51	0.33
63.54	0.33
63.56	0.36
63.58	0.34
63.61	0.34
63.63	0.36
63.66	0.36
63.68	0.34
63.71	0.35
63.73	0.36
63.76	0.34
63.78	0.34
63.80	0.36
63.83	0.34
63.85	0.34
63.88	0.36
63.90	0.36
63.93	0.34
63.95	0.36
63.98	0.36
64.00	0.34
64.02	0.34
64.05	0.37
64.07	0.34
64.10	0.34
64.12	0.37
64.15	0.36
64.17	0.36
64.20	0.37
64.22	0.38
64.24	0.36
64.27	0.36
64.29	0.38
64.32	0.35
64.34	0.35
64.37	0.38
64.39	0.36
64.41	0.36
64.44	0.38
64.46	0.38
64.49	0.37
64.51	0.38
64.54	0.40
64.56	0.37
64.59	0.37
64.61	0.40
64.63	0.37
64.66	0.37
64.68	0.40
64.71	0.38
64.73	0.37
64.76	0.39
64.78	0.39
64.81	0.38
64.83	0.38
64.85	0.40
64.88	0.37
64.90	0.37
64.93	0.41
64.95	0.38
64.98	0.38
65.00	0.41
65.03	0.40
65.05	0.39
65.07	0.40
65.10	0.41
65.12	0.39
65.15	0.39
65.17	0.41
65.20	0.38
65.22	0.38
65.25	0.41
65.27	0.39
65.29	0.39
65.32	0.42
65.34	0.41
65.37	0.40
65.39	0.40
65.42	0.41
65.44	0.38
65.47	0.38
65.49	0.42
65.51	0.39
65.54	0.39
65.56	0.42
65.59	0.41
65.61	0.39
65.64	0.41
65.66	0.42
65.68	0.39
65.71	0.39
65.73	0.42
65.76	0.39
65.78	0.39
65.81	0.43
65.83	0.41
65.86	0.41
65.88	0.43
65.90	0.43
65.93	0.41
65.95	0.42
65.98	0.43
66.00	0.40
66.03	0.40
66.05	0.44
66.08	0.42
66.10	0.42
66.12	0.44
66.15	0.43
66.17	0.42
66.20	0.43
66.22	0.44
66.25	0.41
66.27	0.41
66.30	0.44
66.32	0.41
66.34	0.41
66.37	0.44
66.39	0.42
66.42	0.41
66.44	0.43
66.47	0.43
66.49	0.41
66.52	0.42
66.54	0.43
66.56	0.40
66.59	0.40
66.61	0.43
66.64	0.40
66.66	0.40
66.69	0.43
66.71	0.41
66.73	0.40
66.76	0.42
66.78	0.43
66.81	0.40
66.83	0.40
66.86	0.42
66.88	0.39
66.91	0.39
66.93	0.42
66.95	0.41
66.98	0.40
67.00	0.42
67.03	0.43
67.05	0.40
67.08	0.41
67.10	0.42
67.13	0.39
67.15	0.39
67.17	0.42
67.20	0.40
67.22	0.40
67.25	0.42
67.27	0.41
67.30	0.40
67.32	0.42
67.35	0.42
67.37	0.40
67.39	0.40
67.42	0.42
67.44	0.39
67.47	0.39
67.49	0.42
67.52	0.41
67.54	0.41
67.57	0.43
67.59	0.42
67.61	0.40
67.64	0.41
67.66	0.42
67.69	0.39
67.71	0.39
67.74	0.42
67.76	0.40
67.78	0.40
67.81	0.42
67.83	0.41
67.86	0.40
67.88	0.41
67.91	0.42
67.93	0.39
67.96	0.39
67.98	0.42
68.00	0.39
68.03	0.39
68.05	0.41
68.08	0.40
68.10	0.39
68.13	0.41
68.15	0.41
68.18	0.39
68.20	0.39
68.22	0.40
68.25	0.37
68.27	0.37
68.30	0.41
68.32	0.38
68.35	0.38
68.37	0.40
68.40	0.40
68.42	0.38
68.44	0.40
68.47	0.40
68.49	0.38
68.52	0.38
68.54	0.40
68.57	0.36
68.59	0.36
68.62	0.39
68.64	0.37
68.66	0.37
68.69	0.39
68.71	0.39
68.74	0.37
68.76	0.37
68.79	0.39
68.81	0.36
68.83	0.36
68.86	0.39
68.88	0.36
68.91	0.37
68.93	0.39
68.96	0.37
68.98	0.36
69.01	0.37
69.03	0.38
69.05	0.35
69.08	0.35
69.10	0.38
69.13	0.34
69.15	0.34
69.18	0.37
69.20	0.36
69.23	0.36
69.25	0.37
69.27	0.37
69.30	0.35
69.32	0.35
69.35	0.36
69.37	0.34
69.40	0.34
69.42	0.37
69.45	0.34
69.47	0.34
69.49	0.36
69.52	0.35
69.54	0.34
69.57	0.35
69.59	0.36
69.62	0.33
69.64	0.33
69.67	0.36
69.69	0.33
69.71	0.33
69.74	0.35
69.76	0.33
69.79	0.33
69.81	0.35
69.84	0.35
69.86	0.33
69.89	0.33
69.91	0.34
69.93	0.32
69.96	0.32
69.98	0.35
70.01	0.32
70.03	0.32
70.06	0.34
70.08	0.33
70.10	0.32
70.13	0.33
70.15	0.34
70.18	0.32
70.20	0.32
70.23	0.34
70.25	0.31
70.28	0.31
70.30	0.34
70.32	0.32
70.35	0.32
70.37	0.34
70.40	0.34
70.42	0.32
70.45	0.32
70.47	0.33
70.50	0.30
70.52	0.30
70.54	0.33
70.57	0.31
70.59	0.31
70.62	0.33
70.64	0.32
70.67	0.31
70.69	0.32
70.72	0.32
70.74	0.30
70.76	0.30
70.79	0.33
70.81	0.30
70.84	0.30
70.86	0.32
70.89	0.30
70.91	0.30
70.94	0.31
70.96	0.31
70.98	0.29
71.01	0.29
71.03	0.31
71.06	0.29
71.08	0.29
71.11	0.31
71.13	0.29
71.15	0.29
71.18	0.30
71.20	0.29
71.23	0.28
71.25	0.29
71.28	0.29
71.30	0.28
71.33	0.28
71.35	0.30
71.37	0.27
71.40	0.27
71.42	0.29
71.45	0.28
71.47	0.28
71.50	0.29
71.52	0.29
71.55	0.27
71.57	0.27
71.59	0.29
71.62	0.26
71.64	0.26
71.67	0.29
71.69	0.26
71.72	0.26
71.74	0.28
71.77	0.27
71.79	0.26
71.81	0.27
71.84	0.28
71.86	0.26
71.89	0.26
71.91	0.28
71.94	0.26
71.96	0.26
71.99	0.28
72.01	0.26
72.03	0.26
72.06	0.27
72.08	0.27
72.11	0.26
72.13	0.26
72.16	0.27
72.18	0.25
72.20	0.25
72.23	0.27
72.25	0.25
72.28	0.25
72.30	0.26
72.33	0.26
72.35	0.25
72.38	0.25
72.40	0.26
72.42	0.25
72.45	0.25
72.47	0.27
72.50	0.24
72.52	0.24
72.55	0.26
72.57	0.25
72.60	0.25
72.62	0.26
72.64	0.26
72.67	0.25
72.69	0.25
72.72	0.26
72.74	0.24
72.77	0.24
72.79	0.27
72.82	0.24
72.84	0.24
72.86	0.26
72.89	0.26
72.91	0.25
72.94	0.25
72.96	0.26
72.99	0.24
73.01	0.24
73.04	0.27
73.06	0.25
73.08	0.25
73.11	0.27
73.13	0.25
73.16	0.25
73.18	0.26
73.21	0.26
73.23	0.25
73.25	0.25
73.28	0.26
73.30	0.24
73.33	0.24
73.35	0.26
73.38	0.24
73.40	0.24
73.43	0.26
73.45	0.25
73.47	0.24
73.50	0.24
73.52	0.25
73.55	0.24
73.57	0.24
73.60	0.26
73.62	0.24
73.65	0.24
73.67	0.25
73.69	0.24
73.72	0.24
73.74	0.25
73.77	0.25
73.79	0.24
73.82	0.24
73.84	0.26
73.87	0.24
73.89	0.24
73.91	0.26
73.94	0.24
73.96	0.24
73.99	0.26
74.01	0.26
74.04	0.25
74.06	0.25
74.09	0.26
74.11	0.25
74.13	0.25
74.16	0.27
74.18	0.24
74.21	0.24
74.23	0.26
74.26	0.25
74.28	0.25
74.31	0.26
74.33	0.26
74.35	0.25
74.38	0.25
74.40	0.26
74.43	0.24
74.45	0.24
74.48	0.26
74.50	0.24
74.52	0.24
74.55	0.25
74.57	0.25
74.60	0.24
74.62	0.24
74.65	0.25
74.67	0.23
74.70	0.23
74.72	0.26
74.74	0.23
74.77	0.23
74.79	0.25
74.82	0.24
74.84	0.24
74.87	0.25
74.89	0.25
74.92	0.24
74.94	0.24
74.96	0.26
74.99	0.23
75.01	0.23
75.04	0.26
75.06	0.24
75.09	0.24
75.11	0.26
75.14	0.25
75.16	0.24
75.18	0.25
75.21	0.26
75.23	0.25
75.26	0.25
75.28	0.27
75.31	0.25
75.33	0.25
75.36	0.27
75.38	0.25
75.40	0.25
75.43	0.26
75.45	0.27
75.48	0.25
75.50	0.25
75.53	0.28
75.55	0.25
75.57	0.25
75.60	0.27
75.62	0.25
75.65	0.25
75.67	0.27
75.70	0.26
75.72	0.26
75.75	0.26
75.77	0.27
75.79	0.25
75.82	0.25
75.84	0.28
75.87	0.25
75.89	0.25
75.92	0.27
75.94	0.26
75.97	0.26
75.99	0.27
76.01	0.27
76.04	0.26
76.06	0.26
76.09	0.27
76.11	0.25
76.14	0.25
76.16	0.27
76.19	0.25
76.21	0.25
76.23	0.27
76.26	0.27
76.28	0.26
76.31	0.26
76.33	0.27
76.36	0.26
76.38	0.26
76.41	0.28
76.43	0.26
76.45	0.26
76.48	0.28
76.50	0.26
76.53	0.26
76.55	0.28
76.58	0.28
76.60	0.26
76.62	0.26
76.65	0.28
76.67	0.26
76.70	0.26
76.72	0.28
76.75	0.27
76.77	0.26
76.80	0.28
76.82	0.28
76.84	0.27
76.87	0.27
76.89	0.28
76.92	0.26
76.94	0.26
76.97	0.29
76.99	0.26
77.02	0.26
77.04	0.28
77.06	0.27
77.09	0.27
77.11	0.28
77.14	0.29
77.16	0.27
77.19	0.27
77.21	0.29
77.24	0.27
77.26	0.27
77.28	0.29
77.31	0.27
77.33	0.27
77.36	0.29
77.38	0.29
77.41	0.28
77.43	0.28
77.46	0.30
77.48	0.27
77.50	0.27
77.53	0.30
77.55	0.28
77.58	0.28
77.60	0.30
77.63	0.29
77.65	0.29
77.68	0.30
77.70	0.30
77.72	0.29
77.75	0.29
77.77	0.31
77.80	0.28
77.82	0.28
77.85	0.31
77.87	0.29
77.89	0.29
77.92	0.31
77.94	0.30
77.97	0.30
77.99	0.30
78.02	0.31
78.04	0.29
78.07	0.29
78.09	0.32
78.11	0.29
78.14	0.29
78.16	0.31
78.19	0.30
78.21	0.30
78.24	0.31
78.26	0.32
78.29	0.30
78.31	0.30
78.33	0.32
78.36	0.30
78.38	0.30
78.41	0.32
78.43	0.30
78.46	0.30
78.48	0.32
78.51	0.32
78.53	0.30
78.55	0.31
78.58	0.32
78.60	0.30
78.63	0.30
78.65	0.33
78.68	0.31
78.70	0.31
78.73	0.33
78.75	0.32
78.77	0.31
78.80	0.33
78.82	0.33
78.85	0.32
78.87	0.32
78.90	0.33
78.92	0.31
78.94	0.31
78.97	0.34
78.99	0.32
79.02	0.32
79.04	0.34
79.07	0.34
79.09	0.33
79.12	0.33
79.14	0.34
79.16	0.32
79.19	0.32
79.21	0.34
79.24	0.32
79.26	0.32
79.29	0.34
79.31	0.33
79.34	0.33
79.36	0.34
79.38	0.35
79.41	0.33
79.43	0.33
79.46	0.35
79.48	0.32
79.51	0.32
79.53	0.35
79.56	0.33
79.58	0.33
79.60	0.35
79.63	0.35
79.65	0.33
79.68	0.34
79.70	0.35
79.73	0.33
79.75	0.33
79.78	0.36
79.80	0.34
79.82	0.34
79.85	0.36
79.87	0.35
79.90	0.35
79.92	0.37
79.95	0.37
79.97	0.35
79.99	0.35
80.02	0.37
80.04	0.35
80.07	0.35
80.09	0.38
80.12	0.36
80.14	0.36
80.17	0.38
80.19	0.38
80.21	0.36
80.24	0.37
80.26	0.39
80.29	0.36
80.31	0.36
80.34	0.39
80.36	0.37
80.39	0.37
80.41	0.39
80.43	0.38
80.46	0.37
80.48	0.39
80.51	0.40
80.53	0.37
80.56	0.38
80.58	0.40
80.61	0.38
80.63	0.38
80.65	0.41
80.68	0.39
80.70	0.39
80.73	0.41
80.75	0.41
80.78	0.39
80.80	0.40
80.83	0.41
80.85	0.39
80.87	0.39
80.90	0.41
80.92	0.39
80.95	0.39
80.97	0.41
81.00	0.41
81.02	0.40
81.04	0.43
81.07	0.41
81.09	0.38
81.12	0.42
81.14	0.40
81.17	0.37
81.19	0.40
81.22	0.42
81.24	0.37
81.26	0.39
81.29	0.42
81.31	0.39
81.34	0.38
81.36	0.42
81.39	0.39
81.41	0.37
81.44	0.40
81.46	0.41
81.48	0.37
81.51	0.40
81.53	0.43
81.56	0.39
81.58	0.40
81.61	0.43
81.63	0.41
81.66	0.38
81.68	0.41
81.70	0.39
81.73	0.39
81.75	0.42
81.78	0.41
81.80	0.41
81.83	0.43
81.85	0.43
81.88	0.41
81.90	0.42
81.92	0.43
81.95	0.41
81.97	0.41
82.00	0.44
82.02	0.41
82.05	0.41
82.07	0.44
82.10	0.43
82.12	0.42
82.14	0.44
82.17	0.45
82.19	0.42
82.22	0.42
82.24	0.44
82.27	0.41
82.29	0.41
82.31	0.45
82.34	0.43
82.36	0.42
82.39	0.45
82.41	0.45
82.44	0.43
82.46	0.43
82.49	0.45
82.51	0.43
82.53	0.42
82.56	0.45
82.58	0.43
82.61	0.43
82.63	0.46
82.66	0.45
82.68	0.43
82.71	0.45
82.73	0.46
82.75	0.44
82.78	0.44
82.80	0.46
82.83	0.43
82.85	0.43
82.88	0.46
82.90	0.45
82.93	0.44
82.95	0.47
82.97	0.47
83.00	0.44
83.02	0.45
83.05	0.47
83.07	0.44
83.10	0.44
83.12	0.47
83.15	0.44
83.17	0.44
83.19	0.47
83.22	0.46
83.24	0.45
83.27	0.47
83.29	0.48
83.32	0.45
83.34	0.45
83.36	0.47
83.39	0.45
83.41	0.45
83.44	0.48
83.46	0.46
83.49	0.45
83.51	0.48
83.54	0.48
83.56	0.46
83.58	0.46
83.61	0.48
83.63	0.45
83.66	0.45
83.68	0.48
83.71	0.46
83.73	0.46
83.76	0.49
83.78	0.48
83.80	0.46
83.83	0.48
83.85	0.49
83.88	0.46
83.90	0.46
83.93	0.50
83.95	0.47
83.98	0.47
84.00	0.50
84.02	0.48
84.05	0.47
84.07	0.50
84.10	0.50
84.12	0.47
84.15	0.48
84.17	0.47
84.20	0.44
84.22	0.45
84.24	0.48
84.27	0.46
84.29	0.45
84.32	0.48
84.34	0.47
84.37	0.45
84.39	0.47
84.41	0.48
84.44	0.46
84.46	0.46
84.49	0.48
84.51	0.45
84.54	0.45
84.56	0.48
84.59	0.45
84.61	0.45
84.63	0.48
84.66	0.47
84.68	0.45
84.71	0.46
84.73	0.48
84.76	0.45
84.78	0.45
84.81	0.48
84.83	0.48
84.85	0.48
84.88	0.51
84.90	0.50
84.93	0.48
84.95	0.49
84.98	0.50
85.00	0.47
85.03	0.47
85.05	0.50
85.07	0.47
85.10	0.46
85.12	0.48
85.15	0.47
85.17	0.46
85.20	0.48
85.22	0.48
85.25	0.45
85.27	0.46
85.29	0.48
85.32	0.44
85.34	0.45
85.37	0.47
85.39	0.45
85.42	0.45
85.44	0.47
85.47	0.46
85.49	0.44
85.51	0.46
85.54	0.47
85.56	0.44
85.59	0.44
85.61	0.47
85.64	0.46
85.66	0.46
85.68	0.49
85.71	0.47
85.73	0.46
85.76	0.49
85.78	0.51
85.81	0.48
85.83	0.48
85.86	0.50
85.88	0.48
85.90	0.48
85.93	0.50
85.95	0.48
85.98	0.48
86.00	0.50
86.03	0.49
86.05	0.47
86.08	0.49
86.10	0.49
86.12	0.47
86.15	0.47
86.17	0.50
86.20	0.47
86.22	0.47
86.25	0.50
86.27	0.48
86.30	0.45
86.32	0.47
86.34	0.47
86.37	0.45
86.39	0.46
86.42	0.48
86.44	0.45
86.47	0.45
86.49	0.47
86.52	0.45
86.54	0.44
86.56	0.47
86.59	0.47
86.61	0.45
86.64	0.47
86.66	0.47
86.69	0.45
86.71	0.45
86.73	0.47
86.76	0.45
86.78	0.45
86.81	0.48
86.83	0.46
86.86	0.45
86.88	0.48
86.91	0.48
86.93	0.45
86.95	0.46
86.98	0.48
87.00	0.45
87.03	0.45
87.05	0.47
87.08	0.46
87.10	0.45
87.13	0.48
87.15	0.48
87.17	0.45
87.20	0.47
87.22	0.47
87.25	0.44
87.27	0.45
87.30	0.47
87.32	0.45
87.35	0.44
87.37	0.47
87.39	0.46
87.42	0.45
87.44	0.46
87.47	0.47
87.49	0.44
87.52	0.44
87.54	0.46
87.57	0.43
87.59	0.43
87.61	0.46
87.64	0.43
87.66	0.43
87.69	0.45
87.71	0.45
87.74	0.42
87.76	0.43
87.78	0.45
87.81	0.42
87.83	0.42
87.86	0.45
87.88	0.42
87.91	0.42
87.93	0.45
87.96	0.43
87.98	0.42
88.00	0.44
88.03	0.45
88.05	0.42
88.08	0.42
88.10	0.44
88.13	0.41
88.15	0.41
88.18	0.44
88.20	0.42
88.22	0.41
88.25	0.44
88.27	0.43
88.30	0.41
88.32	0.42
88.35	0.43
88.37	0.41
88.40	0.41
88.42	0.43
88.44	0.40
88.47	0.40
88.49	0.43
88.52	0.41
88.54	0.40
88.57	0.43
88.59	0.42
88.62	0.40
88.64	0.40
88.66	0.42
88.69	0.39
88.71	0.39
88.74	0.42
88.76	0.40
88.79	0.40
88.81	0.42
88.83	0.42
88.86	0.40
88.88	0.41
88.91	0.43
88.93	0.40
88.96	0.40
88.98	0.42
89.01	0.41
89.03	0.41
89.05	0.43
89.08	0.42
89.10	0.41
89.13	0.43
89.15	0.43
89.18	0.40
89.20	0.41
89.23	0.42
89.25	0.39
89.27	0.39
89.30	0.42
89.32	0.40
89.35	0.40
89.37	0.42
89.40	0.42
89.42	0.40
89.45	0.40
89.47	0.42
89.49	0.39
89.52	0.39
89.54	0.41
89.57	0.39
89.59	0.39
89.62	0.41
89.64	0.40
89.67	0.39
89.69	0.40
89.71	0.41
89.74	0.39
89.76	0.39
89.79	0.41
89.81	0.38
89.84	0.38
89.86	0.41
89.89	0.39
89.91	0.39
89.93	0.41
89.96	0.41
89.98	0.39
90.01	0.39
90.03	0.41
90.06	0.38
90.08	0.38
90.10	0.41
90.13	0.38
90.15	0.38
90.18	0.41
90.20	0.40
90.23	0.38
90.25	0.40
90.28	0.41
90.30	0.38
90.32	0.38
90.35	0.40
90.37	0.37
90.40	0.37
90.42	0.40
90.45	0.38
90.47	0.38
90.50	0.40
90.52	0.39
90.54	0.38
90.57	0.38
90.59	0.39
90.62	0.36
90.64	0.36
90.67	0.39
90.69	0.37
90.72	0.36
90.74	0.39
90.76	0.38
90.79	0.37
90.81	0.38
90.84	0.39
90.86	0.36
90.89	0.37
90.91	0.39
90.94	0.36
90.96	0.36
90.98	0.39
91.01	0.38
91.03	0.37
91.06	0.39
91.08	0.39
91.11	0.37
91.13	0.38
91.15	0.39
91.18	0.36
91.20	0.36
91.23	0.39
91.25	0.37
91.28	0.37
91.30	0.39
91.33	0.38
91.35	0.37
91.37	0.38
91.40	0.39
91.42	0.37
91.45	0.37
91.47	0.39
91.50	0.36
91.52	0.36
91.55	0.39
91.57	0.37
91.59	0.37
91.62	0.38
91.64	0.38
91.67	0.37
91.69	0.37
91.72	0.38
91.74	0.36
91.77	0.36
91.79	0.38
91.81	0.35
91.84	0.35
91.86	0.38
91.89	0.37
91.91	0.36
91.94	0.37
91.96	0.38
91.99	0.36
92.01	0.36
92.03	0.38
92.06	0.35
92.08	0.35
92.11	0.37
92.13	0.36
92.16	0.36
92.18	0.38
92.20	0.38
92.23	0.36
92.25	0.36
92.28	0.38
92.30	0.35
92.33	0.35
92.35	0.38
92.38	0.36
92.40	0.36
92.42	0.38
92.45	0.38
92.47	0.37
92.50	0.38
92.52	0.38
92.55	0.36
92.57	0.36
92.60	0.38
92.62	0.35
92.64	0.35
92.67	0.38
92.69	0.37
92.72	0.36
92.74	0.38
92.77	0.38
92.79	0.36
92.82	0.37
92.84	0.38
92.86	0.35
92.89	0.35
92.91	0.38
92.94	0.36
92.96	0.36
92.99	0.38
93.01	0.37
93.04	0.36
93.06	0.37
93.08	0.38
93.11	0.35
93.13	0.35
93.16	0.38
93.18	0.35
93.21	0.35
93.23	0.37
93.25	0.36
93.28	0.36
93.30	0.38
93.33	0.38
93.35	0.36
93.38	0.36
93.40	0.37
93.43	0.35
93.45	0.35
93.47	0.37
93.50	0.36
93.52	0.36
93.55	0.38
93.57	0.37
93.60	0.36
93.62	0.37
93.65	0.37
93.67	0.35
93.69	0.35
93.72	0.38
93.74	0.35
93.77	0.35
93.79	0.37
93.82	0.37
93.84	0.36
93.87	0.38
93.89	0.39
93.91	0.37
93.94	0.37
93.96	0.38
93.99	0.36
94.01	0.36
94.04	0.38
94.06	0.36
94.09	0.36
94.11	0.38
94.13	0.38
94.16	0.36
94.18	0.37
94.21	0.38
94.23	0.36
94.26	0.36
94.28	0.38
94.31	0.36
94.33	0.36
94.35	0.39
94.38	0.37
94.40	0.37
94.43	0.39
94.45	0.39
94.48	0.36
94.50	0.37
94.52	0.38
94.55	0.35
94.57	0.35
94.60	0.39
94.62	0.37
94.65	0.37
94.67	0.39
94.70	0.39
94.72	0.38
94.74	0.38
94.77	0.39
94.79	0.37
94.82	0.37
94.84	0.39
94.87	0.37
94.89	0.37
94.92	0.39
94.94	0.38
94.96	0.37
94.99	0.39
95.01	0.39
95.04	0.37
95.06	0.37
95.09	0.39
95.11	0.37
95.14	0.37
95.16	0.40
95.18	0.38
95.21	0.38
95.23	0.40
95.26	0.40
95.28	0.38
95.31	0.39
95.33	0.40
95.36	0.37
95.38	0.37
95.40	0.40
95.43	0.38
95.45	0.38
95.48	0.40
95.50	0.40
95.53	0.39
95.55	0.40
95.57	0.41
95.60	0.39
95.62	0.39
95.65	0.41
95.67	0.37
95.70	0.38
95.72	0.40
95.75	0.39
95.77	0.38
95.79	0.40
95.82	0.41
95.84	0.39
95.87	0.39
95.89	0.41
95.92	0.38
95.94	0.38
95.97	0.40
95.99	0.37
96.01	0.37
96.04	0.40
96.06	0.39
96.09	0.38
96.11	0.39
96.14	0.41
96.16	0.38
96.19	0.38
96.21	0.41
96.23	0.38
96.26	0.38
96.28	0.41
96.31	0.40
96.33	0.40
96.36	0.42
96.38	0.42
96.41	0.40
96.43	0.41
96.45	0.42
96.48	0.39
96.50	0.39
96.53	0.42
96.55	0.41
96.58	0.40
96.60	0.43
96.62	0.42
96.65	0.42
96.67	0.43
96.70	0.44
96.72	0.41
96.75	0.42
96.77	0.44
96.80	0.41
96.82	0.41
96.84	0.44
96.87	0.42
96.89	0.42
96.92	0.44
96.94	0.44
96.97	0.42
96.99	0.43
97.02	0.44
97.04	0.42
97.06	0.42
97.09	0.45
97.11	0.43
97.14	0.43
97.16	0.46
97.19	0.45
97.21	0.43
97.24	0.45
97.26	0.46
97.28	0.43
97.31	0.43
97.33	0.46
97.36	0.43
97.38	0.43
97.41	0.46
97.43	0.44
97.46	0.44
97.48	0.46
97.50	0.47
97.53	0.44
97.55	0.45
97.58	0.46
97.60	0.44
97.63	0.44
97.65	0.46
97.68	0.44
97.70	0.43
97.72	0.46
97.75	0.46
97.77	0.44
97.80	0.46
97.82	0.47
97.85	0.44
97.87	0.45
97.89	0.46
97.92	0.43
97.94	0.43
97.97	0.47
97.99	0.45
98.02	0.44
98.04	0.46
98.07	0.47
98.09	0.45
98.11	0.45
98.14	0.47
98.16	0.45
98.19	0.45
98.21	0.47
98.24	0.44
98.26	0.43
98.29	0.46
98.31	0.46
98.33	0.44
98.36	0.45
98.38	0.47
98.41	0.44
98.43	0.44
98.46	0.47
98.48	0.44
98.51	0.44
98.53	0.48
98.55	0.46
98.58	0.46
98.60	0.48
98.63	0.48
98.65	0.46
98.68	0.47
98.70	0.49
98.73	0.46
98.75	0.46
98.77	0.50
98.80	0.48
98.82	0.47
98.85	0.50
98.87	0.50
98.90	0.50
98.92	0.51
98.94	0.52
98.97	0.50
98.99	0.51
99.02	0.53
99.04	0.51
99.07	0.50
99.09	0.53
99.12	0.52
99.14	0.50
99.16	0.53
99.19	0.53
99.21	0.51
99.24	0.52
99.26	0.54
99.29	0.51
99.31	0.51
99.34	0.54
99.36	0.52
99.38	0.51
99.41	0.54
99.43	0.54
99.46	0.51
99.48	0.53
99.51	0.54
99.53	0.51
99.56	0.52
99.58	0.54
99.60	0.54
99.63	0.57
99.65	0.60
99.68	0.60
99.70	0.63
99.73	0.67
99.75	0.67
99.78	0.68
99.80	0.72
99.82	0.73
99.85	0.74
99.87	0.77
99.90	0.80
