#t(min)	 V1(V)	V2(V)
0.5	13.40	8.05
1.0	13.40	8.05
1.5	13.30	8.15
2.0	13.10	8.20
2.5	12.90	8.20
3.0	12.70	8.15
3.5	12.40	8.00
4.0	12.20	7.85
4.5	11.90	7.60
5.0	11.70	7.35
5.5	10.90	6.45
6.0	10.80	6.00
6.5	10.70	5.65
7.0	10.80	5.20
7.5	10.90	4.80
8.0	11.00	4.60
8.5	11.10	4.45
9.0	11.20	4.35
9.5	11.30	4.25
10.0	11.40	4.20
10.5	11.60	4.25
11.0	11.60	4.25
11.5	11.70	4.35
12.0	11.60	4.40
12.5	11.50	4.50
13.0	11.40	4.55
13.5	11.30	4.60
14.0	11.10	4.60
14.5	11.00	4.50
15.0	10.80	4.40
15.5	10.50	4.15
16.0	10.40	3.95
16.5	10.40	3.75
17.0	10.40	3.50
17.5	10.50	3.35
18.0	10.60	3.20
18.5	10.70	3.05
19.0	10.80	2.95
19.5	10.90	2.90
20.0	11.10	2.90
20.5	11.20	2.95
21.0	11.30	3.05
21.5	11.30	3.15
22.0	11.30	3.25
22.5	11.20	3.35
23.0	11.10	3.45
23.5	11.00	3.50
24.0	10.90	3.50
24.5	10.77	3.50
25.0	10.60	3.40
25.5	10.30	3.20
26.0	10.20	3.05
26.5	10.20	2.85
27.0	10.20	2.70
27.5	10.30	2.50
28.0	10.40	2.35
28.5	10.50	2.25
29.0	10.70	2.25
29.5	10.80	2.15
30.0	10.90	2.15
30.5	11.10	2.30
31.0	11.20	2.40
31.5	11.20	2.65
32.0	11.10	2.75
32.5	11.00	2.85
33.0	10.90	2.90
33.5	10.80	2.95
34.0	10.60	2.95
34.5	10.50	2.90
35.0	10.30	2.80
35.5	10.00	2.50
36.0	10.00	2.35
36.5	10.00	2.15
37.0	10.10	1.95
37.5	10.10	1.75
38.0	10.20	1.60
38.5	10.40	1.55
39.0	10.50	1.50
39.5	10.60	1.50
40.0	10.70	1.50
